"Abraham Lincoln","Adolf Hitler","Albert Einstein","Alexander the Great","Andrew Jackson","Barack Obama","Benito Mussolini","Benjamin Franklin","Bill Clinton","Bill Gates","Charlemagne","Christopher Columbus","Cleopatra","Constantine the Great","Dwight D. Eisenhower","Elizabeth I of England","Elizabeth II","Fidel Castro","Franklin D. Roosevelt","Gautama Buddha","Genghis Khan","George H. W. Bush","George W. Bush","George Washington","Harry Truman","Henry Ford","Henry VIII of England","Hillary Clinton","Jesus Christ","Joan of Arc","John Adams","John F. Kennedy","Joseph Stalin","Julius Caesar","Karl Marx","Lyndon B. Johnson","Mahatma Gandhi","Malcolm X","Mao Zedong","Margaret Thatcher","Martin Luther King Jr.","Mikhail Gorbachev","Mother Teresa","Napoleon Bonaparte","Nelson Mandela","Pope Francis","Pope John Paul II","Prophet Muhammad","Queen Victoria","Richard Nixon","Robert E. Lee","Ronald Reagan","Rosa Parks","Saddam Hussein","Theodore Roosevelt","Thomas Edison","Thomas Jefferson","Ulysses S. Grant","Vladimir Lenin","Vladimir Putin","Winston Churchill","Woodrow Wilson"
0,0.601290684375981,0.442564277618184,0.281017527127728,0.413799160616594,0.0528688586765222,0.591639201635187,0.397761434539207,0.194389284125113,0.116263909513207,0.287616229868542,0.509893123539879,0.287922634938886,0.243781223399795,0.23685077812718,NA,0.345167998287509,0.406513333457498,NA,0.301427023630387,0.248862945316235,0.227229309447729,0.334220359336722,0.439718779714354,NA,0.414257038061715,0.171695772402808,NA,0.589796514508305,0.268346703133479,0.406132490072477,0.134721784829674,0.52832175476016,0.255975020984664,0.438098571557716,0.291300953478725,0.0942875648148845,0.107630394644774,0.458236971384652,0.0734591696558263,0.0419544245351497,NA,0.0678300818785699,NA,0.0621256548605756,0.519557399884956,0.518552169341956,0.571151547341822,NA,NA,0.434201600363066,0.22046251476002,0.018691964241881,0.531952586203157,0.0779463301128649,0.422164454107856,NA,0.218433428946234,NA,0.555501316092611,NA,NA
0.601290684375981,0,0.307514725702251,0.4865110464996,0.249565254760733,0.65007994686991,0.0116243999929473,0.374630938733659,0.410507772084154,0.51757373543557,0.426376805620811,0.134118302716089,0.458252364735728,0.471298932269591,0.3647196436391,NA,0.270723737284199,0.208132195814245,NA,0.301191451428251,0.474294268673766,0.37455237831666,0.268748915188313,0.199698680805356,NA,0.350800746389915,0.586867281717935,NA,0.338041385090775,0.429990800173645,0.244323160837929,0.4666353942852,0.0798503808880672,0.441588697250945,0.166210771323597,0.311895947736311,0.55194192893952,0.506724560581793,0.143155175047723,0.633242460399541,0.599339573215566,NA,0.568531703170282,NA,0.5502649772339,0.199990432890746,0.208250782427916,0.318681921473252,NA,NA,0.169003574189742,0.381597034414331,0.594727311596742,0.0721343812110115,0.526290289163357,0.331119611502889,NA,0.384921453876853,NA,0.0474827286176136,NA,NA
0.442564277618184,0.307514725702251,0,0.215461407074385,0.0839521846552518,0.476127705801944,0.296141617174319,0.0733300224579952,0.269180418129899,0.416404435459405,0.169507595123074,0.173745433283353,0.190034180366184,0.223019367373749,0.256628666789541,NA,0.159156686761659,0.279150688261173,NA,0.25286630770365,0.222147365797502,0.279227669811054,0.202753370611047,0.126443396445035,NA,0.0469434662585046,0.349883373585614,NA,0.150277572146702,0.184310502107748,0.0990666873213777,0.3297279820767,0.286804594783823,0.198382986864094,0.250909513778058,0.216297180026479,0.442930219472702,0.391863813461598,0.234918692824173,0.502664791918373,0.461809992951761,NA,0.445188384003761,NA,0.417669841870361,0.118546084795692,0.112134094499926,0.129584256392296,NA,NA,0.202879447509559,0.262177294427687,0.445610794138921,0.278905390054095,0.390632752347638,0.0278119853769609,NA,0.294819292501061,NA,0.267706024028742,NA,NA
0.281017527127728,0.4865110464996,0.215461407074385,0,0.239085067911786,0.297819482583948,0.474954703661814,0.147123749357883,0.194674839255819,0.309422379870349,0.0611186720103328,0.358428011427988,0.0282718487096793,0.0452140962039854,0.225433348621242,NA,0.23156312977084,0.367291647158801,NA,0.277194550810493,0.0381803204920199,0.242821298587022,0.260026994090218,0.287139504314265,NA,0.171877985240558,0.142569610902668,NA,0.339458676480074,0.0648970857548356,0.242440174176736,0.223155232647249,0.439226218284808,0.060704303354556,0.367060811763241,0.233838518998775,0.322081863048032,0.280860599835229,0.36842062004829,0.352636146269335,0.313560866993905,NA,0.311978274206728,NA,0.283497501659582,0.327320148987069,0.322479258267527,0.326350623123653,NA,NA,0.332919172526043,0.215494143262833,0.29122375718834,0.436024656057386,0.261527402049103,0.188182537999086,NA,0.252637370908146,NA,0.44031318123202,NA,NA
0.413799160616594,0.249565254760733,0.0839521846552518,0.239085067911786,0,0.454120170678872,0.237942291032736,0.131468971617946,0.224800293978871,0.367595804105587,0.180783849278002,0.119342986173135,0.210883061723162,0.23019591033489,0.199284864642859,NA,0.0863812819147155,0.195210823087532,NA,0.17926243081834,0.231935516254117,0.220171358775699,0.126391085138864,0.0509883396333683,NA,0.112291249679526,0.353970722979502,NA,0.213009447141323,0.187992677136911,0.0156070724803075,0.288094079433977,0.214071669936158,0.201055654836361,0.168093314926699,0.149889087521002,0.397494502943073,0.346124619379559,0.154715286227952,0.465886523753726,0.426134782880451,NA,0.404287507430042,NA,0.378786164734623,0.105772109873631,0.104905762567363,0.189187833381213,NA,NA,0.120903715161126,0.209184937208971,0.413442890479385,0.207991286393675,0.351678119904891,0.0955809055482482,NA,0.235609706743618,NA,0.204915711918077,NA,NA
0.0528688586765222,0.65007994686991,0.476127705801944,0.297819482583948,0.454120170678872,0,0.640218529812774,0.425818084045573,0.240574061787901,0.167658027234616,0.314219243517554,0.554617486064927,0.309212504485548,0.265821162966715,0.285386885942348,NA,0.389818461603228,0.457764336246362,NA,0.351625464001548,0.269883763426507,0.277332887322251,0.381918657963334,0.483135341868008,NA,0.444393205653683,0.170140380161591,NA,0.620497654644795,0.295968503615335,0.447536629132409,0.183943563388378,0.578194903281648,0.282656494310782,0.488089555779538,0.338770944013635,0.142260818129211,0.160469121044036,0.507317580088339,0.0912049143591427,0.0815872336206898,NA,0.115311062727372,NA,0.114606376079608,0.559733961785537,0.558199500671351,0.603020944481845,NA,NA,0.482111094499134,0.268498629502643,0.0673948355132414,0.581437086968836,0.130439635283862,0.454066772303545,NA,0.269367474492827,NA,0.603882846588848,NA,NA
0.591639201635187,0.0116243999929473,0.296141617174319,0.474954703661814,0.237942291032736,0.640218529812774,0,0.363088964633806,0.400407200762315,0.508974705381709,0.414854711360168,0.122637031225706,0.446693817997917,0.459902467668229,0.354932187676042,NA,0.259789518720722,0.20091581672003,NA,0.292038206827279,0.462867258467503,0.365134929343295,0.258622311241136,0.188098765009412,NA,0.339309612827991,0.575761047159416,NA,0.328970663866575,0.418552402093593,0.232732969281205,0.456942078612443,0.073967543677786,0.4301906874395,0.157890591062146,0.30179793261902,0.543298546318323,0.497731426656694,0.133855070553572,0.62434380619598,0.59016771593896,NA,0.559595910472939,NA,0.541038162517464,0.189366601740096,0.197648261397945,0.309293050758776,NA,NA,0.158660075183896,0.371720261765185,0.585271573798394,0.065032811273281,0.516897815518913,0.319645743364176,NA,0.375719379395752,NA,0.0366725256289349,NA,NA
0.397761434539207,0.374630938733659,0.0733300224579952,0.147123749357883,0.131468971617946,0.425818084045573,0.363088964633806,0,0.244907556354572,0.389431480342354,0.111675119986349,0.240625368423238,0.124304521516308,0.162863460126429,0.246219948817927,NA,0.177612604085128,0.314512347427389,NA,0.262629667486187,0.160502772951934,0.269008391673475,0.220611445881962,0.181732437421522,NA,0.0264635995221765,0.286710811517588,NA,0.195860171062077,0.129957110171809,0.14265539681903,0.299300199003806,0.345307191810669,0.143162104127596,0.295394830043785,0.219728885427123,0.412040944282217,0.36273028887169,0.285202607206097,0.462940593328528,0.421994197437243,NA,0.410165841025987,NA,0.381619851477114,0.191573037338808,0.185356424854921,0.18066919597313,NA,NA,0.250321518182701,0.246808784556572,0.403351877857357,0.338811284422427,0.355452877093132,0.0458411078517559,NA,0.283783886199527,NA,0.332421542647194,NA,NA
0.194389284125113,0.410507772084154,0.269180418129899,0.194674839255819,0.224800293978871,0.240574061787901,0.400407200762315,0.244907556354572,0,0.147257037390359,0.158735082577601,0.315557723028181,0.181124939691422,0.150714060292805,0.049776397723374,NA,0.151033301226388,0.228930317756436,NA,0.120083213294823,0.15775371146029,0.055090376052479,0.141785096888201,0.246175628622414,NA,0.253007926669076,0.20516244459212,NA,0.419434419145336,0.141043112374308,0.215339113877623,0.0633327392387967,0.341037848080263,0.137403856211454,0.2520223574467,0.0986139539489998,0.174353357347797,0.122993309313695,0.268627904507659,0.24129684323916,0.202018172449072,NA,0.179545647825527,NA,0.154090684789085,0.32956615664905,0.329424326901425,0.398194020959821,NA,NA,0.241904497728067,0.0323413702760074,0.191286308942404,0.343270197659997,0.127083329704587,0.254764383501079,NA,0.0602450231758567,NA,0.363912486441907,NA,NA
0.116263909513207,0.51757373543557,0.416404435459405,0.309422379870349,0.367595804105587,0.167658027234616,0.508974705381709,0.389431480342354,0.147257037390359,0,0.292062737308329,0.444393949707076,0.305447254889159,0.264981038207126,0.169597301980175,NA,0.286609691091228,0.313245762174766,NA,0.218579708666573,0.271711647696996,0.151460334770022,0.262893087479674,0.38133352845477,NA,0.399317325321659,0.247104237369785,NA,0.566627489252534,0.27240400688228,0.356516398181003,0.090652181596667,0.440547915245964,0.264102353501143,0.351401902037843,0.224047909391079,0.0344790680366939,0.0285627389606452,0.375653663107587,0.117643586920531,0.0917927486206635,NA,0.0560680301495072,NA,0.0550943772418697,0.469864831469356,0.470636411659984,0.545234710727043,NA,NA,0.357716359117178,0.158418143108339,0.100263249710347,0.446017483381892,0.0564988469979186,0.401827244811224,NA,0.137661103247626,NA,0.474239423318019,NA,NA
0.287616229868542,0.426376805620811,0.169507595123074,0.0611186720103328,0.180783849278002,0.314219243517554,0.414854711360168,0.111675119986349,0.158735082577601,0.292062737308329,0,0.29984030374865,0.0338564937836206,0.0535318169717866,0.179297473210801,NA,0.170892759764362,0.308237156131794,NA,0.223115716737329,0.0531868665912821,0.199280993149101,0.201213472787401,0.227543404592269,NA,0.131763741711737,0.180613062513613,NA,0.307172967458618,0.0199194141305209,0.182950417880239,0.20171733266259,0.378137023981953,0.0317081091405292,0.306355221601244,0.178550879694968,0.310635725460025,0.264053938923511,0.307321838592713,0.354784344035667,0.31410031123922,NA,0.305534926370667,NA,0.276672384302817,0.274317165333945,0.270208237499242,0.290934467510679,NA,NA,0.271802496201923,0.172666841651709,0.294306300987011,0.375018203817966,0.251662613544226,0.144226737756805,NA,0.211272075346649,NA,0.379932619334496,NA,NA
0.509893123539879,0.134118302716089,0.173745433283353,0.358428011427988,0.119342986173135,0.554617486064927,0.122637031225706,0.240625368423238,0.315557723028181,0.444393949707076,0.29984030374865,0,0.330222328156551,0.348117368724135,0.277315002864998,NA,0.164850452628059,0.18033946727155,NA,0.229245447794809,0.350264645570386,0.293202829742079,0.181501827810763,0.0742501190166384,NA,0.216682577535314,0.469513544647443,NA,0.230932560546751,0.306018291302186,0.11746356889352,0.37721688356574,0.123099902131785,0.318633152283685,0.133597094832146,0.221648178252514,0.477268728411795,0.427708832708003,0.104315748578008,0.553184003629565,0.515612366371148,NA,0.489030744860197,NA,0.466568545966593,0.0780071091919218,0.08592456318462,0.208126900193439,NA,NA,0.0966599134668842,0.291810541142752,0.506587075788545,0.112730118643376,0.440435068344593,0.19700872346398,NA,0.306733466477016,NA,0.0945385551550503,NA,NA
0.287922634938886,0.458252364735728,0.190034180366184,0.0282718487096793,0.210883061723162,0.309212504485548,0.446693817997917,0.124304521516308,0.181124939691422,0.305447254889159,0.0338564937836206,0.330222328156551,0,0.0441434671411816,0.207156054482777,NA,0.204741368658652,0.34187322166043,NA,0.254863435437941,0.0393740979161525,0.225927587788494,0.234746912687174,0.258867669767169,NA,0.147906027952264,0.162441298993905,NA,0.31911187419911,0.0425154944715336,0.214168442249201,0.216700379864689,0.41138426395423,0.0437446742016229,0.340190379746298,0.210736669596229,0.320925191755541,0.276993680988201,0.340893031504688,0.357852827709444,0.317881300610325,NA,0.313089146938677,NA,0.284280197118344,0.300208033237057,0.295549633996168,0.304817300725967,NA,NA,0.305293859470381,0.198800898028474,0.296589381472581,0.408055031412947,0.26076517473208,0.163185949625169,NA,0.236869856536878,NA,0.412084275652831,NA,NA
0.243781223399795,0.471298932269591,0.223019367373749,0.0452140962039854,0.23019591033489,0.265821162966715,0.459902467668229,0.162863460126429,0.150714060292805,0.264981038207126,0.0535318169717866,0.348117368724135,0.0441434671411816,0,0.184505944194174,NA,0.206970818033379,0.336554927269261,NA,0.240793870397365,0.00710490130435917,0.200588599199059,0.229873452920811,0.274639612088837,NA,0.184388823350349,0.127149226310303,NA,0.35871326026061,0.0422032589524252,0.230656532687969,0.178061315545386,0.418333253938657,0.0297126624008958,0.34115191248159,0.199236742163328,0.27880618251387,0.236425535664764,0.345770021761539,0.313803661415439,0.273937211949594,NA,0.269981350715432,NA,0.241263953451011,0.326706056422113,0.322851585405254,0.343215930692277,NA,NA,0.311158279932639,0.173303990833802,0.25250514720377,0.416277365532228,0.218380946141789,0.197541164589319,NA,0.209574999259297,NA,0.424279884138767,NA,NA
0.23685077812718,0.3647196436391,0.256628666789541,0.225433348621242,0.199284864642859,0.285386885942348,0.354932187676042,0.246219948817927,0.049776397723374,0.169597301980175,0.179297473210801,0.277315002864998,0.207156054482777,0.184505944194174,0,NA,0.11701325410577,0.179218771939663,NA,0.0703192623613872,0.191175648194228,0.0229241601491481,0.0977123461083585,0.211988698818154,NA,0.249134285530248,0.253437092588811,NA,0.404904524565507,0.164806988488154,0.187504252510954,0.1021451466268,0.293416268239298,0.165100316274675,0.203771701386659,0.0556873418604931,0.201157045173101,0.150743309540626,0.221952791372071,0.275884085461093,0.23873214466883,NA,0.211748879280212,NA,0.189518451339681,0.300354485230715,0.301286580388212,0.382404909442937,NA,NA,0.197387111124844,0.0176486458844017,0.231370280893903,0.296237251584077,0.163859968229017,0.246965034763676,NA,0.03829561690574,NA,0.318704055380524,NA,NA
NA,NA,NA,NA,NA,NA,NA,NA,NA,NA,NA,NA,NA,NA,NA,0,NA,NA,NA,NA,NA,NA,NA,NA,NA,NA,NA,NA,NA,NA,NA,NA,NA,NA,NA,NA,NA,NA,NA,NA,NA,NA,NA,NA,NA,NA,NA,NA,NA,NA,NA,NA,NA,NA,NA,NA,NA,NA,NA,NA,NA,NA
0.345167998287509,0.270723737284199,0.159156686761659,0.23156312977084,0.0863812819147155,0.389818461603228,0.259789518720722,0.177612604085128,0.151033301226388,0.286609691091228,0.170892759764362,0.164850452628059,0.204741368658652,0.206970818033379,0.11701325410577,NA,0,0.141252384535841,NA,0.0941471862286256,0.211155185524533,0.136316662251173,0.0441159937650981,0.0955809055482482,NA,0.169068777697723,0.316590595454629,NA,0.298748419040833,0.168594173455818,0.0726823607524973,0.213431252534244,0.211934620067576,0.177948004997877,0.135499202558874,0.0642553357090499,0.317988074096906,0.267206151887103,0.13887274965749,0.390752648226079,0.352308438362126,NA,0.327397250378591,NA,0.303650400264424,0.183535660539337,0.184775756196194,0.275147610774744,NA,NA,0.104851115388091,0.129475340588573,0.342305599578352,0.210692209003346,0.27708001319031,0.15924045836387,NA,0.15138827543897,NA,0.223244117870501,NA,NA
0.406513333457498,0.208132195814245,0.279150688261173,0.367291647158801,0.195210823087532,0.457764336246362,0.20091581672003,0.314512347427389,0.228930317756436,0.313245762174766,0.308237156131794,0.18033946727155,0.34187322166043,0.336554927269261,0.179218771939663,NA,0.141252384535841,0,NA,0.108946428803285,0.341828406102977,0.181671779062883,0.107269327954419,0.161992865574638,NA,0.301583482254541,0.428584092901801,NA,0.392154814530901,0.302607597238164,0.180145623178423,0.27489312735885,0.128891761792567,0.309574797680192,0.0484410045902489,0.139834507892346,0.347721063758294,0.305553684078661,0.0789271438166882,0.43042018696756,0.399048672488691,NA,0.366354797484487,NA,0.35095278061823,0.244623418040421,0.250295098560311,0.367859862529277,NA,NA,0.0876051716912626,0.196830736371203,0.39752555715784,0.136050392434058,0.329139479463373,0.287844915533457,NA,0.188431293836187,NA,0.169490688515775,NA,NA
NA,NA,NA,NA,NA,NA,NA,NA,NA,NA,NA,NA,NA,NA,NA,NA,NA,NA,0,NA,NA,NA,NA,NA,NA,NA,NA,NA,NA,NA,NA,NA,NA,NA,NA,NA,NA,NA,NA,NA,NA,NA,NA,NA,NA,NA,NA,NA,NA,NA,NA,NA,NA,NA,NA,NA,NA,NA,NA,NA,NA,NA
0.301427023630387,0.301191451428251,0.25286630770365,0.277194550810493,0.17926243081834,0.351625464001548,0.292038206827279,0.262629667486187,0.120083213294823,0.218579708666573,0.223115716737329,0.229245447794809,0.254863435437941,0.240793870397365,0.0703192623613872,NA,0.0941471862286256,0.108946428803285,NA,0,0.246847186629959,0.0742946379288126,0.0535009243173112,0.174884187624714,NA,0.258343017953122,0.32203668902804,NA,0.392250642964419,0.212892993517963,0.164579450549978,0.167778287353377,0.226922065247602,0.216848336927189,0.136683246640757,0.0451604353922593,0.252517368799297,0.205798066524096,0.158189776455648,0.33252928202137,0.298151630661575,NA,0.267736900573582,NA,0.249081191627778,0.267633141259534,0.270353818022252,0.368449338498429,NA,NA,0.139243686366207,0.0879028396006856,0.29395668544008,0.230863823229052,0.225388364046495,0.250791321780637,NA,0.0837418635039733,NA,0.256618359002989,NA,NA
0.248862945316235,0.474294268673766,0.222147365797502,0.0381803204920199,0.231935516254117,0.269883763426507,0.462867258467503,0.160502772951934,0.15775371146029,0.271711647696996,0.0531868665912821,0.350264645570386,0.0393740979161525,0.00710490130435917,0.191175648194228,NA,0.211155185524533,0.341828406102977,NA,0.246847186629959,0,0.207438380998709,0.234968888976271,0.277035855839791,NA,0.18261877267804,0.127736451879169,NA,0.35622103631803,0.0443750622456869,0.232856067344212,0.185013603975548,0.422168370247793,0.0332255721545118,0.345701162829776,0.204981858953286,0.285230816908973,0.243151516037784,0.349825406546735,0.319254142476558,0.279536566872579,NA,0.276101331522734,NA,0.247429629794319,0.327311057233066,0.323296789214927,0.341087614577677,NA,NA,0.3150463142294,0.180138892982554,0.257901502711909,0.419936547286347,0.224759596158323,0.196309282001107,NA,0.216527380999029,NA,0.427374732259341,NA,NA
0.227229309447729,0.37455237831666,0.279227669811054,0.242821298587022,0.220171358775699,0.277332887322251,0.365134929343295,0.269008391673475,0.055090376052479,0.151460334770022,0.199280993149101,0.293202829742079,0.225927587788494,0.200588599199059,0.0229241601491481,NA,0.136316662251173,0.181671779062883,NA,0.0742946379288126,0.207438380998709,0,0.111881201932457,0.230148504376299,NA,0.272057844974837,0.259732662063764,NA,0.427143854479093,0.183921991210481,0.207903832180313,0.0935482271770285,0.301098854780488,0.183128654700203,0.210890901290761,0.0727657164560909,0.184068153135916,0.134875502200684,0.231397432305982,0.261308584322165,0.225520847243628,NA,0.196662115913343,NA,0.176245233219465,0.319829475069758,0.321075925106187,0.404512357742229,NA,NA,0.209412430121409,0.0273322945735396,0.220177365879267,0.304778608621634,0.151763481830728,0.269834343852424,NA,0.0156352950575727,NA,0.329311890133635,NA,NA
0.334220359336722,0.268748915188313,0.202753370611047,0.260026994090218,0.126391085138864,0.381918657963334,0.258622311241136,0.220611445881962,0.141785096888201,0.262893087479674,0.201213472787401,0.181501827810763,0.234746912687174,0.229873452920811,0.0977123461083585,NA,0.0441159937650981,0.107269327954419,NA,0.0535009243173112,0.234968888976271,0.111881201932457,0,0.12235360392108,NA,0.212984091553425,0.328411010191235,NA,0.339356060159816,0.195343460815186,0.111457779973931,0.199672186931025,0.201014536076889,0.202493905546377,0.114890688081553,0.0431868129613423,0.295858998904232,0.246695329578661,0.12763977599083,0.372843806381183,0.336239408952149,NA,0.308345839391797,NA,0.286965953212136,0.214761504193534,0.217242396446122,0.315447681125337,NA,NA,0.100197271123033,0.113757896623227,0.329064126059051,0.202358874021513,0.261524873410457,0.203356417690084,NA,0.125232067993752,NA,0.222134961802381,NA,NA
0.439718779714354,0.199698680805356,0.126443396445035,0.287139504314265,0.0509883396333683,0.483135341868008,0.188098765009412,0.181732437421522,0.246175628622414,0.38133352845477,0.227543404592269,0.0742501190166384,0.258867669767169,0.274639612088837,0.211988698818154,NA,0.0955809055482482,0.161992865574638,NA,0.174884187624714,0.277035855839791,0.230148504376299,0.12235360392108,0,NA,0.161151767292388,0.395316039880533,NA,0.230965967131492,0.232687501227039,0.0447017177931395,0.308885113869187,0.163588672803886,0.24504477926415,0.126931464019128,0.157385782878145,0.413145541699549,0.362567689848825,0.108622212914516,0.486330455189553,0.447804989477686,NA,0.422946960517536,NA,0.399211873720532,0.0928682974110157,0.0961110298332681,0.206609982818114,NA,NA,0.0783454752515261,0.224987017226638,0.43741600225254,0.157176954456907,0.372594521194334,0.143162874004658,NA,0.244698649984589,NA,0.154384383722286,NA,NA
NA,NA,NA,NA,NA,NA,NA,NA,NA,NA,NA,NA,NA,NA,NA,NA,NA,NA,NA,NA,NA,NA,NA,NA,0,NA,NA,NA,NA,NA,NA,NA,NA,NA,NA,NA,NA,NA,NA,NA,NA,NA,NA,NA,NA,NA,NA,NA,NA,NA,NA,NA,NA,NA,NA,NA,NA,NA,NA,NA,NA,NA
0.414257038061715,0.350800746389915,0.0469434662585046,0.171877985240558,0.112291249679526,0.444393205653683,0.339309612827991,0.0264635995221765,0.253007926669076,0.399317325321659,0.131763741711737,0.216682577535314,0.147906027952264,0.184388823350349,0.249134285530248,NA,0.169068777697723,0.301583482254541,NA,0.258343017953122,0.18261877267804,0.272057844974837,0.212984091553425,0.161151767292388,NA,0,0.309791543289671,NA,0.176106347572339,0.148782749146171,0.124970403092919,0.310090254154288,0.324485428774178,0.162501674873706,0.279217012093141,0.217251528519932,0.423439717661625,0.373320325812768,0.266998180423966,0.477703609701541,0.436705866658347,NA,0.423082447790208,NA,0.394835639551566,0.16537846245124,0.159056934134305,0.159205847343269,NA,NA,0.232873106562777,0.251576321132216,0.418921165351518,0.317486829089416,0.368261132084566,0.0199304773994274,NA,0.28725003085697,NA,0.309402431798436,NA,NA
0.171695772402808,0.586867281717935,0.349883373585614,0.142569610902668,0.353970722979502,0.170140380161591,0.575761047159416,0.286710811517588,0.20516244459212,0.247104237369785,0.180613062513613,0.469513544647443,0.162441298993905,0.127149226310303,0.253437092588811,NA,0.316590595454629,0.428584092901801,NA,0.32203668902804,0.127736451879169,0.259732662063764,0.328411010191235,0.395316039880533,NA,0.309791543289671,0,NA,0.481286921129674,0.168057247972929,0.352655836564154,0.189582412823066,0.527139444389571,0.154217951531699,0.443293372914865,0.289513759478666,0.244570696844336,0.222099730678824,0.453332149941442,0.24443005139435,0.212045882488291,NA,0.224963501570717,NA,0.201588888740842,0.453089930232085,0.449482167133508,0.46725594153667,NA,NA,0.420928271177423,0.236912195810599,0.187409590654766,0.526777601293325,0.190665897130011,0.323963958097537,NA,0.261485676384561,NA,0.539410681246174,NA,NA
NA,NA,NA,NA,NA,NA,NA,NA,NA,NA,NA,NA,NA,NA,NA,NA,NA,NA,NA,NA,NA,NA,NA,NA,NA,NA,NA,0,NA,NA,NA,NA,NA,NA,NA,NA,NA,NA,NA,NA,NA,NA,NA,NA,NA,NA,NA,NA,NA,NA,NA,NA,NA,NA,NA,NA,NA,NA,NA,NA,NA,NA
0.589796514508305,0.338041385090775,0.150277572146702,0.339458676480074,0.213009447141323,0.620497654644795,0.328970663866575,0.195860171062077,0.419434419145336,0.566627489252534,0.307172967458618,0.230932560546751,0.31911187419911,0.35871326026061,0.404904524565507,NA,0.298748419040833,0.392154814530901,NA,0.392250642964419,0.35622103631803,0.427143854479093,0.339356060159816,0.230965967131492,NA,0.176106347572339,0.481286921129674,NA,0,0.32473363160573,0.22792284229377,0.479921942751512,0.352748647435462,0.338318086092159,0.352501097475532,0.360563405492976,0.593185637811108,0.542140156236077,0.327620708163172,0.651749681382559,0.610800323338236,NA,0.595103030916414,NA,0.567386755939296,0.153496574868812,0.146154907093992,0.0243600309665489,NA,NA,0.305504983796655,0.411505345365107,0.593826137294412,0.341544222546475,0.540437889241907,0.167803248593358,NA,0.44277914952845,NA,0.314647237667791,NA,NA
0.268346703133479,0.429990800173645,0.184310502107748,0.0648970857548356,0.187992677136911,0.295968503615335,0.418552402093593,0.129957110171809,0.141043112374308,0.27240400688228,0.0199194141305209,0.306018291302186,0.0425154944715336,0.0422032589524252,0.164806988488154,NA,0.168594173455818,0.302607597238164,NA,0.212892993517963,0.0443750622456869,0.183921991210481,0.195343460815186,0.232687501227039,NA,0.148782749146171,0.168057247972929,NA,0.32473363160573,0,0.188575129629769,0.182183101509661,0.378678779531159,0.0140929757214204,0.30381913677559,0.169155459419979,0.290754462983929,0.244333987326011,0.306761851970889,0.335114831281233,0.29438568414181,NA,0.285622759024908,NA,0.25676263035819,0.285098245694813,0.281429044943085,0.307918393094438,NA,NA,0.271705157355706,0.156936949859111,0.274759980779936,0.376197822996488,0.231744404067972,0.160007583887573,NA,0.19526558234545,NA,0.383121910099249,NA,NA
0.406132490072477,0.244323160837929,0.0990666873213777,0.242440174176736,0.0156070724803075,0.447536629132409,0.232732969281205,0.14265539681903,0.215339113877623,0.356516398181003,0.182950417880239,0.11746356889352,0.214168442249201,0.230656532687969,0.187504252510954,NA,0.0726823607524973,0.180145623178423,NA,0.164579450549978,0.232856067344212,0.207903832180313,0.111457779973931,0.0447017177931395,NA,0.124970403092919,0.352655836564154,NA,0.22792284229377,0.188575129629769,0,0.278665017720552,0.204581962231439,0.201172386285234,0.154384383722286,0.136742099112392,0.386913789421497,0.335661666026182,0.142562653025403,0.45663516054368,0.417188234862776,NA,0.394482638880915,NA,0.369426525892087,0.114229730544279,0.114331961645512,0.203990643104915,NA,NA,0.10796983968835,0.198174535043644,0.405164398078216,0.199174774266639,0.342413769690655,0.109140496037515,NA,0.223220912365373,NA,0.19871771889287,NA,NA
0.134721784829674,0.4666353942852,0.3297279820767,0.223155232647249,0.288094079433977,0.183943563388378,0.456942078612443,0.299300199003806,0.0633327392387967,0.090652181596667,0.20171733266259,0.37721688356574,0.216700379864689,0.178061315545386,0.1021451466268,NA,0.213431252534244,0.27489312735885,NA,0.167778287353377,0.185013603975548,0.0935482271770285,0.199672186931025,0.308885113869187,NA,0.310090254154288,0.189582412823066,NA,0.479921942751512,0.182183101509661,0.278665017720552,0,0.394255702725652,0.174476583098916,0.304147994315181,0.156952399796263,0.113469775003548,0.0634318583707537,0.32365251133133,0.177982067662831,0.138935434519184,NA,0.116479851660306,NA,0.0907615402094975,0.392893857888464,0.392753569111736,0.459187022969996,NA,NA,0.299526955554943,0.0860014921989411,0.129586808008543,0.397586826662972,0.0638129795857827,0.313630808246776,NA,0.0869700367108331,NA,0.420782660762175,NA,NA
0.52832175476016,0.0798503808880672,0.286804594783823,0.439226218284808,0.214071669936158,0.578194903281648,0.073967543677786,0.345307191810669,0.341037848080263,0.440547915245964,0.378137023981953,0.123099902131785,0.41138426395423,0.418333253938657,0.293416268239298,NA,0.211934620067576,0.128891761792567,NA,0.226922065247602,0.422168370247793,0.301098854780488,0.201014536076889,0.163588672803886,NA,0.324485428774178,0.527139444389571,NA,0.352748647435462,0.378678779531159,0.204581962231439,0.394255702725652,0,0.388965631196948,0.0902427385287324,0.243276138134288,0.475002969482649,0.431010023201469,0.0738437635145355,0.5570176850763,0.524160331275886,NA,0.4925117383669,NA,0.47539007886926,0.200953116399117,0.208963526102724,0.3304708914756,NA,NA,0.107200464423366,0.310753146288145,0.520790998901699,0.0124041788521636,0.452194831567772,0.306048183656176,NA,0.310398264967823,NA,0.050821622180238,NA,NA
0.255975020984664,0.441588697250945,0.198382986864094,0.060704303354556,0.201055654836361,0.282656494310782,0.4301906874395,0.143162104127596,0.137403856211454,0.264102353501143,0.0317081091405292,0.318633152283685,0.0437446742016229,0.0297126624008958,0.165100316274675,NA,0.177948004997877,0.309574797680192,NA,0.216848336927189,0.0332255721545118,0.183128654700203,0.202493905546377,0.24504477926415,NA,0.162501674873706,0.154217951531699,NA,0.338318086092159,0.0140929757214204,0.201172386285234,0.174476583098916,0.388965631196948,0,0.312624118850897,0.174000893403159,0.281286845445388,0.235824795191195,0.316599995066656,0.323490372368938,0.282897760792578,NA,0.275224911075303,NA,0.246340334130984,0.298875673091277,0.29527839386978,0.321688088397135,NA,NA,0.281831749429475,0.155876398170143,0.262859126162526,0.386786149635355,0.221777926012165,0.17398315643813,NA,0.193641682701108,NA,0.394579019291214,NA,NA
0.438098571557716,0.166210771323597,0.250909513778058,0.367060811763241,0.168093314926699,0.488089555779538,0.157890591062146,0.295394830043785,0.2520223574467,0.351401902037843,0.306355221601244,0.133597094832146,0.340190379746298,0.34115191248159,0.203771701386659,NA,0.135499202558874,0.0484410045902489,NA,0.136683246640757,0.345701162829776,0.210890901290761,0.114890688081553,0.126931464019128,NA,0.279217012093141,0.443293372914865,NA,0.352501097475532,0.30381913677559,0.154384383722286,0.304147994315181,0.0902427385287324,0.312624118850897,0,0.155504736629468,0.385794081007199,0.341109263969036,0.030517831086068,0.46737646196953,0.434116301913183,NA,0.402756838227938,NA,0.385264905868943,0.201815659953434,0.208084000697942,0.328418057893472,NA,NA,0.0485864051749157,0.221234566490591,0.430558442336206,0.0947074521385814,0.361965286121584,0.263472270068712,NA,0.22017586411874,NA,0.124365686934425,NA,NA
0.291300953478725,0.311895947736311,0.216297180026479,0.233838518998775,0.149889087521002,0.338770944013635,0.30179793261902,0.219728885427123,0.0986139539489998,0.224047909391079,0.178550879694968,0.221648178252514,0.210736669596229,0.199236742163328,0.0556873418604931,NA,0.0642553357090499,0.139834507892346,NA,0.0451604353922593,0.204981858953286,0.0727657164560909,0.0431868129613423,0.157385782878145,NA,0.217251528519932,0.289513759478666,NA,0.360563405492976,0.169155459419979,0.136742099112392,0.156952399796263,0.243276138134288,0.174000893403159,0.155504736629468,0,0.256229797072088,0.206189724838976,0.17032425696561,0.331569337072002,0.294343374086999,NA,0.267385933213919,NA,0.245163493802226,0.247375724478307,0.248848772611835,0.337318416983292,NA,NA,0.143371358322372,0.0709512145589689,0.286496609277881,0.245048377519378,0.21935738229352,0.211335711358255,NA,0.0874805294839596,NA,0.265320232165228,NA,NA
0.0942875648148845,0.55194192893952,0.442930219472702,0.322081863048032,0.397494502943073,0.142260818129211,0.543298546318323,0.412040944282217,0.174353357347797,0.0344790680366939,0.310635725460025,0.477268728411795,0.320925191755541,0.27880618251387,0.201157045173101,NA,0.317988074096906,0.347721063758294,NA,0.252517368799297,0.285230816908973,0.184068153135916,0.295858998904232,0.413145541699549,NA,0.423439717661625,0.244570696844336,NA,0.593185637811108,0.290754462983929,0.386913789421497,0.113469775003548,0.475002969482649,0.281286845445388,0.385794081007199,0.256229797072088,0,0.0514531315439993,0.40988466926697,0.0835164972474558,0.0620901625959897,NA,0.0269628399590369,NA,0.0429821592189396,0.500711719047447,0.501215544269026,0.572252754418139,NA,NA,0.391501376725845,0.188869475488998,0.0762927719049776,0.480431281738078,0.0605643372639799,0.42709714782271,NA,0.170775983671349,NA,0.50847943540824,NA,NA
0.107630394644774,0.506724560581793,0.391863813461598,0.280860599835229,0.346124619379559,0.160469121044036,0.497731426656694,0.36273028887169,0.122993309313695,0.0285627389606452,0.264053938923511,0.427708832708003,0.276993680988201,0.236425535664764,0.150743309540626,NA,0.267206151887103,0.305553684078661,NA,0.205798066524096,0.243151516037784,0.134875502200684,0.246695329578661,0.362567689848825,NA,0.373320325812768,0.222099730678824,NA,0.542140156236077,0.244333987326011,0.335661666026182,0.0634318583707537,0.431010023201469,0.235824795191195,0.341109263969036,0.206189724838976,0.0514531315439993,0,0.36393156663775,0.126769853048393,0.0935022665055774,NA,0.0619746723593997,NA,0.0466136044492473,0.449573621154893,0.449985791513175,0.521076416081628,NA,NA,0.34383291239979,0.137834733465491,0.0947295611528295,0.435789003118775,0.0346607981667603,0.376466094778103,NA,0.122563313251369,NA,0.462413657517263,NA,NA
0.458236971384652,0.143155175047723,0.234918692824173,0.36842062004829,0.154715286227952,0.507317580088339,0.133855070553572,0.285202607206097,0.268627904507659,0.375653663107587,0.307321838592713,0.104315748578008,0.340893031504688,0.345770021761539,0.221952791372071,NA,0.13887274965749,0.0789271438166882,NA,0.158189776455648,0.349825406546735,0.231397432305982,0.12763977599083,0.108622212914516,NA,0.266998180423966,0.453332149941442,NA,0.327620708163172,0.306761851970889,0.142562653025403,0.32365251133133,0.0738437635145355,0.316599995066656,0.030517831086068,0.17032425696561,0.40988466926697,0.36393156663775,0,0.490598451172703,0.456312819320002,NA,0.425828437403564,NA,0.407189779532829,0.175352452921732,0.182044507890611,0.303772698224919,NA,NA,0.03594091391527,0.239022825204907,0.451573357531928,0.0747339442941317,0.383137444646013,0.250062926282472,NA,0.241864855184051,NA,0.0985960696626813,NA,NA
0.0734591696558263,0.633242460399541,0.502664791918373,0.352636146269335,0.465886523753726,0.0912049143591427,0.62434380619598,0.462940593328528,0.24129684323916,0.117643586920531,0.354784344035667,0.553184003629565,0.357852827709444,0.313803661415439,0.275884085461093,NA,0.390752648226079,0.43042018696756,NA,0.33252928202137,0.319254142476558,0.261308584322165,0.372843806381183,0.486330455189553,NA,0.477703609701541,0.24443005139435,NA,0.651749681382559,0.335114831281233,0.45663516054368,0.177982067662831,0.5570176850763,0.323490372368938,0.46737646196953,0.331569337072002,0.0835164972474558,0.126769853048393,0.490598451172703,0,0.0409977697712318,NA,0.0647985069855748,NA,0.0872382915494581,0.570859888848548,0.570650173267648,0.632112372600111,NA,NA,0.470537808078496,0.261615889004227,0.0614190908334588,0.562083882116484,0.114229730544279,0.484019675725841,NA,0.24931118354347,NA,0.589121700917766,NA,NA
0.0419544245351497,0.599339573215566,0.461809992951761,0.313560866993905,0.426134782880451,0.0815872336206898,0.59016771593896,0.421994197437243,0.202018172449072,0.0917927486206635,0.31410031123922,0.515612366371148,0.317881300610325,0.273937211949594,0.23873214466883,NA,0.352308438362126,0.399048672488691,NA,0.298151630661575,0.279536566872579,0.225520847243628,0.336239408952149,0.447804989477686,NA,0.436705866658347,0.212045882488291,NA,0.610800323338236,0.29438568414181,0.417188234862776,0.138935434519184,0.524160331275886,0.282897760792578,0.434116301913183,0.294343374086999,0.0620901625959897,0.0935022665055774,0.456312819320002,0.0409977697712318,0,NA,0.0359685030041752,NA,0.049300270519187,0.531359680229881,0.530988674017717,0.591220455830557,NA,NA,0.434895804122116,0.223804267969145,0.0246478995210501,0.528717355314116,0.0752395645992976,0.443054620604062,NA,0.214448732214497,NA,0.554583303952898,NA,NA
NA,NA,NA,NA,NA,NA,NA,NA,NA,NA,NA,NA,NA,NA,NA,NA,NA,NA,NA,NA,NA,NA,NA,NA,NA,NA,NA,NA,NA,NA,NA,NA,NA,NA,NA,NA,NA,NA,NA,NA,NA,0,NA,NA,NA,NA,NA,NA,NA,NA,NA,NA,NA,NA,NA,NA,NA,NA,NA,NA,NA,NA
0.0678300818785699,0.568531703170282,0.445188384003761,0.311978274206728,0.404287507430042,0.115311062727372,0.559595910472939,0.410165841025987,0.179545647825527,0.0560680301495072,0.305534926370667,0.489030744860197,0.313089146938677,0.269981350715432,0.211748879280212,NA,0.327397250378591,0.366354797484487,NA,0.267736900573582,0.276101331522734,0.196662115913343,0.308345839391797,0.422946960517536,NA,0.423082447790208,0.224963501570717,NA,0.595103030916414,0.285622759024908,0.394482638880915,0.116479851660306,0.4925117383669,0.275224911075303,0.402756838227938,0.267385933213919,0.0269628399590369,0.0619746723593997,0.425828437403564,0.0647985069855748,0.0359685030041752,NA,0,NA,0.0288850584160989,0.50866494730941,0.508743379419537,0.574765711773025,NA,NA,0.405783884487996,0.197969760942524,0.0495567018883807,0.497460310579027,0.0548216311248468,0.427973658991194,NA,0.18453043456117,NA,0.524338613675537,NA,NA
NA,NA,NA,NA,NA,NA,NA,NA,NA,NA,NA,NA,NA,NA,NA,NA,NA,NA,NA,NA,NA,NA,NA,NA,NA,NA,NA,NA,NA,NA,NA,NA,NA,NA,NA,NA,NA,NA,NA,NA,NA,NA,NA,0,NA,NA,NA,NA,NA,NA,NA,NA,NA,NA,NA,NA,NA,NA,NA,NA,NA,NA
0.0621256548605756,0.5502649772339,0.417669841870361,0.283497501659582,0.378786164734623,0.114606376079608,0.541038162517464,0.381619851477114,0.154090684789085,0.0550943772418697,0.276672384302817,0.466568545966593,0.284280197118344,0.241263953451011,0.189518451339681,NA,0.303650400264424,0.35095278061823,NA,0.249081191627778,0.247429629794319,0.176245233219465,0.286965953212136,0.399211873720532,NA,0.394835639551566,0.201588888740842,NA,0.567386755939296,0.25676263035819,0.369426525892087,0.0907615402094975,0.47539007886926,0.246340334130984,0.385264905868943,0.245163493802226,0.0429821592189396,0.0466136044492473,0.407189779532829,0.0872382915494581,0.049300270519187,NA,0.0288850584160989,NA,0,0.483655197880716,0.4834947405855,0.547250432398856,NA,NA,0.385602049525219,0.174780168499519,0.0481603303213353,0.479793776935467,0.0272029484725546,0.400040932691262,NA,0.165343803092294,NA,0.505394483102664,NA,NA
0.519557399884956,0.199990432890746,0.118546084795692,0.327320148987069,0.105772109873631,0.559733961785537,0.189366601740096,0.191573037338808,0.32956615664905,0.469864831469356,0.274317165333945,0.0780071091919218,0.300208033237057,0.326706056422113,0.300354485230715,NA,0.183535660539337,0.244623418040421,NA,0.267633141259534,0.327311057233066,0.319829475069758,0.214761504193534,0.0928682974110157,NA,0.16537846245124,0.453089930232085,NA,0.153496574868812,0.285098245694813,0.114229730544279,0.392893857888464,0.200953116399117,0.298875673091277,0.201815659953434,0.247375724478307,0.500711719047447,0.449573621154893,0.175352452921732,0.570859888848548,0.531359680229881,NA,0.50866494730941,NA,0.483655197880716,0,0.00831965145574702,0.130340736357181,NA,NA,0.157021203775269,0.311844703553795,0.519046109493992,0.190297891862832,0.45663516054368,0.145731991165988,NA,0.334806844245771,NA,0.167797993904041,NA,NA
0.518552169341956,0.208250782427916,0.112134094499926,0.322479258267527,0.104905762567363,0.558199500671351,0.197648261397945,0.185356424854921,0.329424326901425,0.470636411659984,0.270208237499242,0.08592456318462,0.295549633996168,0.322851585405254,0.301286580388212,NA,0.184775756196194,0.250295098560311,NA,0.270353818022252,0.323296789214927,0.321075925106187,0.217242396446122,0.0961110298332681,NA,0.159056934134305,0.449482167133508,NA,0.146154907093992,0.281429044943085,0.114331961645512,0.392753569111736,0.208963526102724,0.29527839386978,0.208084000697942,0.248848772611835,0.501215544269026,0.449985791513175,0.182044507890611,0.570650173267648,0.530988674017717,NA,0.508743379419537,NA,0.4834947405855,0.00831965145574702,0,0.122803183627094,NA,NA,0.162711797964907,0.312410396845774,0.518338939296677,0.198376319798316,0.456423189469844,0.139544148947099,NA,0.336161056875445,NA,0.176098837119597,NA,NA
