"Abraham Lincoln","Adolf Hitler","Albert Einstein","Alexander the Great","Andrew Jackson","Barack Obama","Benito Mussolini","Benjamin Franklin","Bill Clinton","Bill Gates","Charlemagne","Christopher Columbus","Cleopatra","Constantine the Great","Dwight D. Eisenhower","Elizabeth I of England","Elizabeth II","Fidel Castro","Franklin D. Roosevelt","Gautama Buddha","Genghis Khan","George H. W. Bush","George W. Bush","George Washington","Harry Truman","Henry Ford","Henry VIII of England","Hillary Clinton","Jesus Christ","Joan of Arc","John Adams","John F. Kennedy","Joseph Stalin","Julius Caesar","Karl Marx","Lyndon B. Johnson","Mahatma Gandhi","Malcolm X","Mao Zedong","Margaret Thatcher","Martin Luther King Jr.","Mikhail Gorbachev","Mother Teresa","Napoleon Bonaparte","Nelson Mandela","Pope Francis","Pope John Paul II","Prophet Muhammad","Queen Victoria","Richard Nixon","Robert E. Lee","Ronald Reagan","Rosa Parks","Saddam Hussein","Theodore Roosevelt","Thomas Edison","Thomas Jefferson","Ulysses S. Grant","Vladimir Lenin","Vladimir Putin","Winston Churchill","Woodrow Wilson"
0,0.370267861872313,0.354567977062006,0.539429456765864,0.138506339890007,0.364218273016735,0.619454033724665,0.38942134216653,0.321273703243013,0.375360318571986,0.287710314593788,0.295503154728792,0.482828820780223,NA,0.0800673954144262,0.524050929137449,0.510019060792821,0.302988559068514,NA,0.570221900763087,0.584741198478286,0.116566257522132,0.0720472333640897,0.0213689135854332,0.0791235424459088,0.403763143447395,0.471076146619873,0.311323082909904,0.713347441368893,NA,0.154625996934057,NA,0.302687447817623,0.452328631604978,0.303600125173584,0.186980187556226,0.612296848297182,0.57364859928882,NA,NA,0.565527745457561,NA,0.710921548148743,NA,0.56728495656583,NA,0.726977698106652,0.603769464832318,0.498727621983748,0.336623179280767,0.06067996443595,0.100409851203932,0.567831468128693,0.30074125267135,0.0407223252415701,NA,0.0758584935209372,0.173411757936101,0.304082131487149,0.292328360869083,NA,NA
0.370267861872313,0,0.380945367855059,0.381528845381274,0.409660485988618,0.551919071888118,0.389003794364043,0.40701538912348,0.525182064674308,0.394227059146655,0.207010848489667,0.22052078763437,0.314482403437617,NA,0.313055166043266,0.366153941291973,0.35087368206597,0.110543536410801,NA,0.318366316178247,0.337818003694126,0.400189411894916,0.308424367793941,0.381756919919226,0.385546810142882,0.423241257453188,0.29626661843503,0.525870875742921,0.416581687429734,NA,0.413193265263472,NA,0.0675897709063469,0.272928252777476,0.0936220826818718,0.427708699406805,0.374134904400045,0.214943825973384,NA,NA,0.196323175517693,NA,0.405619105800381,NA,0.200038164034027,NA,0.437887056751102,0.359508631475583,0.335010392004654,0.538295855278076,0.384007729020377,0.392567610484576,0.203526788026581,0.0722722094933655,0.386033868480365,NA,0.296543966048965,0.420996322766503,0.0699158473019042,0.0883783332031518,NA,NA
0.354567977062006,0.380945367855059,0,0.231702833366057,0.250227175789754,0.210702150893551,0.343702699287117,0.0359612380782194,0.206876486270055,0.0210020730085587,0.176118461736956,0.161323195465595,0.207466696171149,NA,0.2829455192193,0.221534225405597,0.213916120622653,0.273218545884513,NA,0.329070499983652,0.333822073929733,0.26442991713708,0.298851735998681,0.343647924386615,0.290338902919899,0.0524681650366578,0.208367940423326,0.216630953764795,0.479016863470627,NA,0.236931494742038,NA,0.347100271491032,0.206676032604731,0.292732771677749,0.217225667272498,0.34503220761934,0.468830398523002,NA,NA,0.49997236653032,NA,0.486886606429585,NA,0.490475829737021,NA,0.481758849015015,0.344359820028899,0.211293935010649,0.212633438297088,0.3069706529785,0.27459371890942,0.479941475541849,0.363320019955845,0.327888570887883,NA,0.31267869797465,0.22477541055211,0.329859415876596,0.30915201363014,NA,NA
0.539429456765864,0.381528845381274,0.231702833366057,0,0.465924879118182,0.42905684782092,0.118317683819227,0.21726382613225,0.434141553657977,0.220509039829425,0.263151939094115,0.250899897404885,0.0685916439327529,NA,0.459736590900478,0.0165918906165451,0.0325373331934498,0.315488521609585,NA,0.135935043158269,0.129622787064675,0.475344756510256,0.471050482747249,0.534717231714275,0.492533505094434,0.218460837389022,0.0864760144805414,0.445348711537435,0.263868945320423,NA,0.455409668576363,NA,0.388427543799931,0.110548223272398,0.332836610750548,0.441561291369963,0.124866946789406,0.348570443386409,NA,NA,0.400626771374864,NA,0.27680124849236,NA,0.385374760229846,NA,0.260909020186159,0.130215664429282,0.0478942586612534,0.437389825384092,0.505749774654412,0.481615432761366,0.369448368579513,0.40733180819505,0.523463989802304,NA,0.477456793188041,0.446733317348755,0.369310440473089,0.356367084956089,NA,NA
0.138506339890007,0.409660485988618,0.250227175789754,0.465924879118182,0,0.225743740856671,0.56339303643558,0.28120669583202,0.182934234346653,0.269271581314439,0.255618832625679,0.255857894772232,0.420915910429914,NA,0.115676868538338,0.452461482604918,0.440748965651192,0.313772623531246,NA,0.527289034323453,0.538334674972259,0.0219431060537365,0.13072132738864,0.11942332444228,0.0594289933003043,0.292691470658652,0.41348574417652,0.173475485171091,0.678284127849265,NA,0.0166230881820754,NA,0.346348135756582,0.399938598868575,0.32300589516589,0.0487838785907469,0.559821212523636,0.584953517934233,NA,NA,0.591331753967865,NA,0.680209628813556,NA,0.588925833440086,NA,0.687493076088215,0.554449145583997,0.432683131529088,0.198363144808938,0.0778982814519733,0.0381652855192073,0.585291180388402,0.351963225541421,0.0993516382217895,NA,0.151160459942512,0.0353069462375851,0.339835448052057,0.321724938121408,NA,NA
0.364218273016735,0.551919071888118,0.210702150893551,0.42905684782092,0.225743740856671,0,0.546068130512285,0.21347728139029,0.0434948748633603,0.213983926974948,0.349698772566396,0.339422538712624,0.416092616247975,NA,0.32829020980384,0.422048473102076,0.417347532903776,0.441799811475854,NA,0.538369000799505,0.541811320509754,0.247685408463375,0.345704286575487,0.344760805067868,0.285172578232026,0.210611968843941,0.418415050181196,0.056141388798396,0.686307100529734,NA,0.20985949331829,NA,0.502034463847235,0.417377326476094,0.458342282474636,0.177736885304967,0.549566560938747,0.672882251357869,NA,NA,0.698182071906797,NA,0.695403852450292,NA,0.690494000070057,NA,0.687139282854931,0.55060325538914,0.417352498646862,0.0293916225061102,0.303552337602664,0.263899705417284,0.681587411762343,0.514009030439545,0.324576704808206,NA,0.365847698360459,0.191238677818242,0.488820555967457,0.467679662848911,NA,NA
0.619454033724665,0.389003794364043,0.343702699287117,0.118317683819227,0.56339303643558,0.546068130512285,0,0.333082990631776,0.549128313783542,0.334798446417651,0.332266904722566,0.32395462613693,0.142641692003634,NA,0.53956102699709,0.124020381456911,0.129833129519796,0.354657102245226,NA,0.0719848817874042,0.0526357691350109,0.570087409605908,0.548295183123685,0.617882949291911,0.582454839973903,0.335585218686404,0.150424023264194,0.559724335383147,0.147009812008863,NA,0.554631336296433,NA,0.415379758475137,0.167266598269923,0.367778547485583,0.544502251534371,0.0174046987995283,0.288932274293587,NA,NA,0.348201622391594,NA,0.161974914042333,NA,0.331051002664952,NA,0.14262958392073,0.033168164110302,0.133420347964159,0.553184930795011,0.593593522817394,0.574232063872629,0.313570006266153,0.433160248944404,0.609181751867781,NA,0.551126511951224,0.548119708750394,0.398046172545578,0.390730982955989,NA,NA
0.38942134216653,0.40701538912348,0.0359612380782194,0.21726382613225,0.28120669583202,0.21347728139029,0.333082990631776,0,0.216911396740136,0.0152918859244057,0.205407835536198,0.190014695668248,0.203696429054596,NA,0.318557750796375,0.209197618649502,0.20393707685496,0.301297772343976,NA,0.325995352247423,0.328666661790307,0.296443777944482,0.334579656257665,0.378017212444716,0.323698630764933,0.0172952028961083,0.207730413319711,0.228348991161828,0.472885956618572,NA,0.267219697207146,NA,0.376739474255883,0.210195811436852,0.321119385996003,0.245360948566349,0.336172933605294,0.481039904079896,NA,NA,0.515660145458628,NA,0.482293415435557,NA,0.50522054223051,NA,0.473716089072298,0.337134301767857,0.203967561229421,0.220236314841777,0.340685112864176,0.307289486631619,0.493759237413551,0.393465372088644,0.361864909790426,NA,0.348559047507882,0.253920732678664,0.3590057916992,0.33864876166849,NA,NA
0.321273703243013,0.525182064674308,0.206876486270055,0.434141553657977,0.182934234346653,0.0434948748633603,0.549128313783542,0.216911396740136,0,0.214329889166036,0.327397302819024,0.318568051380136,0.414339434636596,NA,0.287935328560709,0.425649258712089,0.419400383061343,0.416047787090484,NA,0.535718187175008,0.540698044789332,0.204853007015778,0.305144053556108,0.301651230504724,0.242335322594937,0.217518841433872,0.414765620952189,0.0150528465673914,0.685888490470632,NA,0.167271760739586,NA,0.472452980209022,0.411232490391921,0.431631296687445,0.135420791582321,0.55126813527069,0.657129935293089,NA,NA,0.679108848489648,NA,0.693671929322796,NA,0.67234432599837,NA,0.688358448696656,0.551051298934419,0.417755768041589,0.0156159735871876,0.260593749375114,0.221096446544795,0.664348223444585,0.483466523682252,0.281457159407473,NA,0.325460900248291,0.148816102221928,0.460224313870552,0.439318376069383,NA,NA
0.375360318571986,0.394227059146655,0.0210020730085587,0.220509039829425,0.269271581314439,0.213983926974948,0.334798446417651,0.0152918859244057,0.214329889166036,0,0.19146251142845,0.176221396235842,0.202108999674226,NA,0.303937268921017,0.211446727150659,0.205094823963054,0.287803341696494,NA,0.324395210961145,0.327966515707212,0.283985527293324,0.319853552005356,0.364262368932202,0.310523781137736,0.0324096936042335,0.204819281637182,0.225077166450626,0.472751173568411,NA,0.255620859515401,NA,0.362801041718011,0.205564162589885,0.30754117081835,0.234783834865971,0.337107150266393,0.473349550729625,NA,NA,0.506651507537288,NA,0.481499592962607,NA,0.496565896284792,NA,0.474417374297974,0.33734887538948,0.20393792370467,0.218708929502298,0.327312890795688,0.294473913511469,0.485453946039908,0.379380336713763,0.34834394234602,NA,0.33366113782983,0.242869234767615,0.345210856210399,0.32473895207697,NA,NA
0.287710314593788,0.207010848489667,0.176118461736956,0.263151939094115,0.255618832625679,0.349698772566396,0.332266904722566,0.205407835536198,0.327397302819024,0.19146251142845,0,0.0159659548259446,0.200100316105617,NA,0.20826182143289,0.246801781599977,0.231470907124434,0.0974756686690625,NA,0.283079160976481,0.297162983547401,0.255685036046015,0.21617845249878,0.287507351106901,0.259264892651526,0.222390890423503,0.186328802725551,0.330409229469239,0.429455963071074,NA,0.252245435670338,NA,0.171346870996634,0.165903291982864,0.116720242077406,0.255089940787699,0.324678318324303,0.336265907112622,NA,NA,0.352732765688365,NA,0.429161088110198,NA,0.347033093922832,NA,0.441436505763685,0.316062788911606,0.218168929080107,0.339199093913234,0.267503918586006,0.255577615714945,0.340459453092078,0.188105502640924,0.280716787788922,NA,0.218997752212929,0.25296399841188,0.153808486387956,0.133276587858498,NA,NA
0.295503154728792,0.22052078763437,0.161323195465595,0.250899897404885,0.255857894772232,0.339422538712624,0.32395462613693,0.190014695668248,0.318568051380136,0.176221396235842,0.0159659548259446,0,0.189252417111724,NA,0.215620101020982,0.234680829806671,0.219570325159696,0.111897586830007,NA,0.27730243392899,0.290672415099976,0.257288945508961,0.224544020477673,0.294258008031785,0.263128967884737,0.206929073180825,0.176275290318108,0.322190550249527,0.425395187463547,NA,0.251467823404832,NA,0.186758379786152,0.156862642237289,0.13144333178535,0.252283774172594,0.317040469263106,0.341707077109534,NA,NA,0.360614709708215,NA,0.425918181689528,NA,0.354255618586989,NA,0.436555100656554,0.309030765161582,0.206716138888269,0.329951027861681,0.27233722611794,0.258183505018565,0.34700721464936,0.203693885482889,0.286504241552816,NA,0.228568973688376,0.250998310711215,0.169004575767023,0.148654702090882,NA,NA
0.482828820780223,0.314482403437617,0.207466696171149,0.0685916439327529,0.420915910429914,0.416092616247975,0.142641692003634,0.203696429054596,0.414339434636596,0.202108999674226,0.200100316105617,0.189252417111724,0,NA,0.402770000048776,0.0523693238216551,0.0366085542522362,0.24707314306773,NA,0.122346380733594,0.126364174558688,0.428029591926586,0.412869207642115,0.479765839173919,0.441652804476058,0.2102648175206,0.0182191624856016,0.423889563499404,0.271601244290986,NA,0.41201498590976,NA,0.319849232389005,0.0420616690846871,0.264289459077651,0.402012900004997,0.140567108118602,0.303873052839243,NA,NA,0.35085202404745,NA,0.279550973628746,NA,0.336881144424131,NA,0.275192450978539,0.137892749831947,0.0207788602275943,0.419906577904944,0.45351831992368,0.432651597723356,0.322172860711201,0.338758899641017,0.469955900247697,NA,0.417714838446344,0.405501999456454,0.300722301412912,0.287835144065906,NA,NA
NA,NA,NA,NA,NA,NA,NA,NA,NA,NA,NA,NA,NA,0,NA,NA,NA,NA,NA,NA,NA,NA,NA,NA,NA,NA,NA,NA,NA,NA,NA,NA,NA,NA,NA,NA,NA,NA,NA,NA,NA,NA,NA,NA,NA,NA,NA,NA,NA,NA,NA,NA,NA,NA,NA,NA,NA,NA,NA,NA,NA,NA
0.0800673954144262,0.313055166043266,0.2829455192193,0.459736590900478,0.115676868538338,0.32829020980384,0.53956102699709,0.318557750796375,0.287935328560709,0.303937268921017,0.20826182143289,0.215620101020982,0.402770000048776,NA,0,0.444267775892858,0.430138668120508,0.23276033669908,NA,0.491199246846166,0.505424579300161,0.0983610757010912,0.0177874811176813,0.0796738564532856,0.0738863078867341,0.333842767475624,0.391020829664526,0.281029149075467,0.635691321988534,NA,0.126951864168494,NA,0.246427120421178,0.372376191160548,0.236448456450787,0.155052072218786,0.532580631288517,0.506876434562598,NA,NA,0.504192952734917,NA,0.633958087906297,NA,0.504287141433006,NA,0.648725733444738,0.524253567234162,0.418738940327328,0.303532423894278,0.0710041352502565,0.0859049449395155,0.503235339316362,0.248565199337295,0.0764323195527606,NA,0.0375586161209346,0.142848581396128,0.24391514468348,0.228986433689144,NA,NA
0.524050929137449,0.366153941291973,0.221534225405597,0.0165918906165451,0.452461482604918,0.422048473102076,0.124020381456911,0.209197618649502,0.425649258712089,0.211446727150659,0.246801781599977,0.234680829806671,0.0523693238216551,NA,0.444267775892858,0,0.0159875742736625,0.299024476169369,NA,0.1324485690716,0.128489321155061,0.461477481781489,0.455407772428956,0.519596163894032,0.478061202063386,0.211584717109483,0.0704204126177196,0.436523846555958,0.26715699863445,NA,0.442229214005304,NA,0.372188772772069,0.0944192872040766,0.316446692097074,0.429080595905655,0.128446302276321,0.339440855678651,NA,NA,0.390294481809061,NA,0.278957262647755,NA,0.375350656284385,NA,0.265768039473322,0.131853943563839,0.0315948018954299,0.42940528956365,0.491058587718295,0.467464323448303,0.359708418273767,0.391104297470159,0.508571422805374,NA,0.461595727211988,0.433943002718611,0.35304255802516,0.339962474339763,NA,NA
0.510019060792821,0.35087368206597,0.213916120622653,0.0325373331934498,0.440748965651192,0.417347532903776,0.129833129519796,0.20393707685496,0.419400383061343,0.205094823963054,0.231470907124434,0.219570325159696,0.0366085542522362,NA,0.430138668120508,0.0159875742736625,0,0.28304255307214,NA,0.129382739721164,0.127793875818566,0.449291430808562,0.441049798436498,0.50588737315713,0.465153246386015,0.207576549699596,0.0547711206095209,0.429912559299575,0.26966894143677,NA,0.430847950693341,NA,0.356301169854633,0.0786616406320611,0.300487896205682,0.418502958529622,0.132235856750334,0.329826952954492,NA,NA,0.379487755227961,NA,0.280340632363406,NA,0.364847438417854,NA,0.269792516351036,0.133768098682162,0.0158791826898305,0.423683354851021,0.477883067671505,0.454942218923833,0.349490298878124,0.375222262280234,0.495146244031807,NA,0.446945120642355,0.423011870105802,0.337139936711131,0.323997805409874,NA,NA
0.302988559068514,0.110543536410801,0.273218545884513,0.315488521609585,0.313772623531246,0.441799811475854,0.354657102245226,0.301297772343976,0.416047787090484,0.287803341696494,0.0974756686690625,0.111897586830007,0.24707314306773,NA,0.23276033669908,0.299024476169369,0.28304255307214,0,NA,0.291867181581303,0.309575730364023,0.307639429028289,0.233288031035242,0.309593581834066,0.299739794309105,0.318006454691323,0.229713095688193,0.417357464330865,0.420860515446091,NA,0.314889075726488,NA,0.0782963335146059,0.205748072832164,0.0201029432244881,0.325625889227621,0.343002027694868,0.274623906621671,NA,NA,0.277560776273746,NA,0.415466230621272,NA,0.275405117359048,NA,0.437677183520881,0.330896547810653,0.26762203996309,0.428856748198695,0.302198645118385,0.302707417113047,0.272609143492876,0.0967358046997706,0.309109554140281,NA,0.227258043783216,0.320362857806706,0.059245628434989,0.041793928177513,NA,NA
NA,NA,NA,NA,NA,NA,NA,NA,NA,NA,NA,NA,NA,NA,NA,NA,NA,NA,0,NA,NA,NA,NA,NA,NA,NA,NA,NA,NA,NA,NA,NA,NA,NA,NA,NA,NA,NA,NA,NA,NA,NA,NA,NA,NA,NA,NA,NA,NA,NA,NA,NA,NA,NA,NA,NA,NA,NA,NA,NA,NA,NA
0.570221900763087,0.318366316178247,0.329070499983652,0.135935043158269,0.527289034323453,0.538369000799505,0.0719848817874042,0.325995352247423,0.535718187175008,0.324395210961145,0.283079160976481,0.27730243392899,0.122346380733594,NA,0.491199246846166,0.1324485690716,0.129382739721164,0.291867181581303,NA,0,0.0195365491477994,0.531596184951287,0.498320218484382,0.570570702960894,0.540105214071284,0.33212133551259,0.121070699775535,0.544850085260154,0.152372389393882,NA,0.520221994692039,NA,0.348062717573845,0.128635746248506,0.303357126892978,0.513863524052634,0.0560305346974376,0.224396298181827,NA,NA,0.281750924416094,NA,0.158122620995881,NA,0.265056170556306,NA,0.160205955620597,0.0411442420718726,0.124153994152435,0.541698469914915,0.549635378623785,0.534002962900927,0.247926547629385,0.365387143712537,0.563604818115309,NA,0.499163756747403,0.515860388179101,0.331390445714903,0.325711798934383,NA,NA
0.584741198478286,0.337818003694126,0.333822073929733,0.129622787064675,0.538334674972259,0.541811320509754,0.0526357691350109,0.328666661790307,0.540698044789332,0.327966515707212,0.297162983547401,0.290672415099976,0.126364174558688,NA,0.505424579300161,0.128489321155061,0.127793875818566,0.309575730364023,NA,0.0195365491477994,0,0.543278788210859,0.512970428893385,0.584596458142827,0.552812350557943,0.333831386184124,0.127838465212882,0.550239598734875,0.145261919212832,NA,0.530808419554212,NA,0.366884774571793,0.138462691295598,0.321480597849148,0.523435945335765,0.0364951562898098,0.240306418049548,NA,NA,0.298487441191614,NA,0.153627600593078,NA,0.281596414013389,NA,0.150194224289117,0.0218168137470014,0.124934700675901,0.546169327210404,0.562772557477117,0.546146559588176,0.264307755517469,0.384313431913315,0.577175848410033,NA,0.514326111825015,0.525868248408306,0.350058122544942,0.343996023598483,NA,NA
0.116566257522132,0.400189411894916,0.26442991713708,0.475344756510256,0.0219431060537365,0.247685408463375,0.570087409605908,0.296443777944482,0.204853007015778,0.283985527293324,0.255685036046015,0.257288945508961,0.428029591926586,NA,0.0983610757010912,0.461477481781489,0.449291430808562,0.307639429028289,NA,0.531596184951287,0.543278788210859,0,0.112255088018248,0.0975889960361187,0.0374895787190445,0.308591189892399,0.41978234920304,0.195288567746773,0.681757918921893,NA,0.0382059903443895,NA,0.335722598520435,0.40522378952855,0.31566911819173,0.0705649603838702,0.565884934601195,0.58065074011127,NA,NA,0.584816213044404,NA,0.682967472718593,NA,0.583038378314151,NA,0.6917264780692,0.559952000919373,0.440603175929731,0.220267679717479,0.0559842807053235,0.0162553914687723,0.580034132534051,0.340333119754912,0.0775805954544634,NA,0.132414662404287,0.057020463678121,0.330273822808516,0.312881340457086,NA,NA
0.0720472333640897,0.308424367793941,0.298851735998681,0.471050482747249,0.13072132738864,0.345704286575487,0.548295183123685,0.334579656257665,0.305144053556108,0.319853552005356,0.21617845249878,0.224544020477673,0.412869207642115,NA,0.0177874811176813,0.455407772428956,0.441049798436498,0.233288031035242,NA,0.498320218484382,0.512970428893385,0.112255088018248,0,0.0763079418330199,0.0839774493427907,0.350043321454521,0.400614700797565,0.298015510260825,0.641320594816567,NA,0.142803841266012,NA,0.24121956801047,0.381385323865722,0.235467672369843,0.171655018281023,0.54085676830883,0.50617269394769,NA,NA,0.501348729438118,NA,0.638991001598886,NA,0.502060263865129,NA,0.654933061622543,0.532130991571622,0.429291453452682,0.32075076775702,0.0773286337247979,0.0986398561251572,0.501629401752243,0.242060076779298,0.0776873761605555,NA,0.0205616245195961,0.159210008126586,0.240075609595591,0.226319087533191,NA,NA
0.0213689135854332,0.381756919919226,0.343647924386615,0.534717231714275,0.11942332444228,0.344760805067868,0.617882949291911,0.378017212444716,0.301651230504724,0.364262368932202,0.287507351106901,0.294258008031785,0.479765839173919,NA,0.0796738564532856,0.519596163894032,0.50588737315713,0.309593581834066,NA,0.570570702960894,0.584596458142827,0.0975889960361187,0.0763079418330199,0,0.0606372571243115,0.391900541503009,0.468645070324885,0.291405272430034,0.715363258000987,NA,0.135793945294947,NA,0.314211545810682,0.450616401238309,0.311518845767098,0.168152212257389,0.611280024083742,0.582156176572367,NA,NA,0.576057765194436,NA,0.713604267694506,NA,0.577238083483432,NA,0.728336250411732,0.603228600103624,0.49507264286824,0.3169200590055,0.0417649921671956,0.0817008296178999,0.577196195230012,0.313348519195079,0.0201972231599233,NA,0.0852369007161384,0.154609242270515,0.314454394502255,0.301612295944403,NA,NA
0.0791235424459088,0.385546810142882,0.290338902919899,0.492533505094434,0.0594289933003043,0.285172578232026,0.582454839973903,0.323698630764933,0.242335322594937,0.310523781137736,0.259264892651526,0.263128967884737,0.441652804476058,NA,0.0738863078867341,0.478061202063386,0.465153246386015,0.299739794309105,NA,0.540105214071284,0.552812350557943,0.0374895787190445,0.0839774493427907,0.0606372571243115,0,0.336789366353332,0.432106378065909,0.232678704159667,0.688424932168298,NA,0.0755047857506641,NA,0.31944076506837,0.415964342184382,0.30553319736628,0.107866103572812,0.577214147710843,0.574306045371792,NA,NA,0.574609991275437,NA,0.688420667383604,NA,0.573933033381498,NA,0.699653321067938,0.570363627382026,0.455486266330459,0.257739628718807,0.0188893440103294,0.0212879397679261,0.572035342298627,0.32217125252319,0.0410644114529481,NA,0.102735862738424,0.0942984878649567,0.315979174921737,0.300057102158119,NA,NA
0.403763143447395,0.423241257453188,0.0524681650366578,0.218460837389022,0.292691470658652,0.210611968843941,0.335585218686404,0.0172952028961083,0.217518841433872,0.0324096936042335,0.222390890423503,0.206929073180825,0.2102648175206,NA,0.333842767475624,0.211584717109483,0.207576549699596,0.318006454691323,NA,0.33212133551259,0.333831386184124,0.308591189892399,0.350043321454521,0.391900541503009,0.336789366353332,0,0.215620101020982,0.229679260999961,0.477195561786903,NA,0.278298994268462,NA,0.393683899376323,0.219755874036723,0.337872190266421,0.255213131122564,0.339539546763078,0.492990534137893,NA,NA,0.528789945838375,NA,0.48730640419593,NA,0.518038280659109,NA,0.477106160313535,0.341289853739288,0.208896900015294,0.2196269499087,0.35403860859083,0.319903223401116,0.506266855456889,0.410483425519487,0.375415526873315,NA,0.364339642447428,0.264339117896547,0.375874821229927,0.355583068462867,NA,NA
0.471076146619873,0.29626661843503,0.208367940423326,0.0864760144805414,0.41348574417652,0.418415050181196,0.150424023264194,0.207730413319711,0.414765620952189,0.204819281637182,0.186328802725551,0.176275290318108,0.0182191624856016,NA,0.391020829664526,0.0704204126177196,0.0547711206095209,0.229713095688193,NA,0.121070699775535,0.127838465212882,0.41978234920304,0.400614700797565,0.468645070324885,0.432106378065909,0.215620101020982,0,0.423801142434158,0.272643985081907,NA,0.405161986519127,NA,0.301992837554251,0.0240963116745053,0.246708694672644,0.396474592594034,0.146351635772241,0.290524432883719,NA,NA,0.336058864679155,NA,0.279186856886804,NA,0.322443458044835,NA,0.27792205211808,0.14175995728719,0.0389003350397906,0.420963503259899,0.443454955615009,0.42381255264046,0.308088770912519,0.320886963664258,0.45939047822539,NA,0.404814008796882,0.399395855486315,0.282907673100385,0.270280500245902,NA,NA
0.311323082909904,0.525870875742921,0.216630953764795,0.445348711537435,0.173475485171091,0.056141388798396,0.559724335383147,0.228348991161828,0.0150528465673914,0.225077166450626,0.330409229469239,0.322190550249527,0.423889563499404,NA,0.281029149075467,0.436523846555958,0.429912559299575,0.417357464330865,NA,0.544850085260154,0.550239598734875,0.195288567746773,0.298015510260825,0.291405272430034,0.232678704159667,0.229679260999961,0.423801142434158,0,0.695490273313809,NA,0.158239445192964,NA,0.471888236006385,0.419567536035989,0.432481914375123,0.126985869436338,0.561526159535524,0.662037834938995,NA,NA,0.682783355952953,NA,0.702915888145045,NA,0.676370253223141,NA,0.698385374694335,0.560990745454569,0.427859690142858,0.0267652368733816,0.250692621473369,0.211541451839889,0.668715764105435,0.482410854632631,0.271212446447052,NA,0.318448761056535,0.14013273196969,0.460152258044063,0.439393848439882,NA,NA
0.713347441368893,0.416581687429734,0.479016863470627,0.263868945320423,0.678284127849265,0.686307100529734,0.147009812008863,0.472885956618572,0.685888490470632,0.472751173568411,0.429455963071074,0.425395187463547,0.271601244290986,NA,0.635691321988534,0.26715699863445,0.26966894143677,0.420860515446091,NA,0.152372389393882,0.145261919212832,0.681757918921893,0.641320594816567,0.715363258000987,0.688424932168298,0.477195561786903,0.272643985081907,0.695490273313809,0,NA,0.671688990676632,NA,0.462212282976395,0.280977522746405,0.428142150024104,0.666005744673749,0.139031538559602,0.243411199682262,NA,NA,0.302911028729714,NA,0.0224949756595436,NA,0.285656658308904,NA,0.0259194939446913,0.135908360203105,0.268955839054002,0.69120896505672,0.696958531847152,0.683419461072266,0.268917308538683,0.477089146799954,0.709764257772246,NA,0.640156183449044,0.667770629098682,0.448553944446798,0.448044267011791,NA,NA
NA,NA,NA,NA,NA,NA,NA,NA,NA,NA,NA,NA,NA,NA,NA,NA,NA,NA,NA,NA,NA,NA,NA,NA,NA,NA,NA,NA,NA,0,NA,NA,NA,NA,NA,NA,NA,NA,NA,NA,NA,NA,NA,NA,NA,NA,NA,NA,NA,NA,NA,NA,NA,NA,NA,NA,NA,NA,NA,NA,NA,NA
0.154625996934057,0.413193265263472,0.236931494742038,0.455409668576363,0.0166230881820754,0.20985949331829,0.554631336296433,0.267219697207146,0.167271760739586,0.255620859515401,0.252245435670338,0.251467823404832,0.41201498590976,NA,0.126951864168494,0.442229214005304,0.430847950693341,0.314889075726488,NA,0.520221994692039,0.530808419554212,0.0382059903443895,0.142803841266012,0.135793945294947,0.0755047857506641,0.278298994268462,0.405161986519127,0.158239445192964,0.671688990676632,NA,0,NA,0.350945045621511,0.392345820359186,0.325035575162001,0.0323723705918966,0.551496473242481,0.584185377424264,NA,NA,0.592279605521911,NA,0.6741233588222,NA,0.589383130961078,NA,0.680355858808011,0.546517995971238,0.423213917090661,0.182768000871706,0.0941518566335603,0.0542260577100183,0.585260491851754,0.357370300579333,0.115779839021404,NA,0.163355147616087,0.0188160582092392,0.343587611645302,0.324951081114646,NA,NA
NA,NA,NA,NA,NA,NA,NA,NA,NA,NA,NA,NA,NA,NA,NA,NA,NA,NA,NA,NA,NA,NA,NA,NA,NA,NA,NA,NA,NA,NA,NA,0,NA,NA,NA,NA,NA,NA,NA,NA,NA,NA,NA,NA,NA,NA,NA,NA,NA,NA,NA,NA,NA,NA,NA,NA,NA,NA,NA,NA,NA,NA
0.302687447817623,0.0675897709063469,0.347100271491032,0.388427543799931,0.346348135756582,0.502034463847235,0.415379758475137,0.376739474255883,0.472452980209022,0.362801041718011,0.171346870996634,0.186758379786152,0.319849232389005,NA,0.246427120421178,0.372188772772069,0.356301169854633,0.0782963335146059,NA,0.348062717573845,0.366884774571793,0.335722598520435,0.24121956801047,0.314211545810682,0.31944076506837,0.393683899376323,0.301992837554251,0.471888236006385,0.462212282976395,NA,0.350945045621511,NA,0,0.277899680344891,0.05842371108898,0.367548847195507,0.402106971219471,0.277849958844197,NA,NA,0.263393343683774,NA,0.453524412846333,NA,0.266284154282738,NA,0.481718696767909,0.388661345936104,0.340601458703578,0.486236340220981,0.31724087000022,0.327357209821938,0.268580573770563,0.0189532366344583,0.318734982828227,NA,0.229020370733342,0.359958475626428,0.0194034950515645,0.0381109447908599,NA,NA
0.452328631604978,0.272928252777476,0.206676032604731,0.110548223272398,0.399938598868575,0.417377326476094,0.167266598269923,0.210195811436852,0.411232490391921,0.205564162589885,0.165903291982864,0.156862642237289,0.0420616690846871,NA,0.372376191160548,0.0944192872040766,0.0786616406320611,0.205748072832164,NA,0.128635746248506,0.138462691295598,0.40522378952855,0.381385323865722,0.450616401238309,0.415964342184382,0.219755874036723,0.0240963116745053,0.419567536035989,0.280977522746405,NA,0.392345820359186,NA,0.277899680344891,0,0.222650892879482,0.385320978877487,0.161262162617754,0.278054381611652,NA,NA,0.320862743322596,NA,0.285735848280192,NA,0.307932332988863,NA,0.2882512513149,0.154734299959518,0.0628387913436629,0.418242481497172,0.426684673959928,0.408530781903101,0.294258008031785,0.296796034039639,0.442012415913153,NA,0.384863533945086,0.387523013572416,0.258811527100329,0.246229406022461,NA,NA
0.303600125173584,0.0936220826818718,0.292732771677749,0.332836610750548,0.32300589516589,0.458342282474636,0.367778547485583,0.321119385996003,0.431631296687445,0.30754117081835,0.116720242077406,0.13144333178535,0.264289459077651,NA,0.236448456450787,0.316446692097074,0.300487896205682,0.0201029432244881,NA,0.303357126892978,0.321480597849148,0.31566911819173,0.235467672369843,0.311518845767098,0.30553319736628,0.337872190266421,0.246708694672644,0.432481914375123,0.428142150024104,NA,0.325035575162001,NA,0.05842371108898,0.222650892879482,0,0.33733914827493,0.355571897335086,0.270709555694236,NA,NA,0.269356870856159,NA,0.421773397592591,NA,0.268400465975148,NA,0.445789030029072,0.343004041722681,0.284942352102428,0.444695183699196,0.30678943943381,0.309812736312469,0.266838754263753,0.0770467136332386,0.312331083972825,NA,0.227754507828723,0.331452977917273,0.0392318968206922,0.0236039072222086,NA,NA
0.186980187556226,0.427708699406805,0.217225667272498,0.441561291369963,0.0487838785907469,0.177736885304967,0.544502251534371,0.245360948566349,0.135420791582321,0.234783834865971,0.255089940787699,0.252283774172594,0.402012900004997,NA,0.155052072218786,0.429080595905655,0.418502958529622,0.325625889227621,NA,0.513863524052634,0.523435945335765,0.0705649603838702,0.171655018281023,0.168152212257389,0.107866103572812,0.255213131122564,0.396474592594034,0.126985869436338,0.666005744673749,NA,0.0323723705918966,NA,0.367548847195507,0.385320978877487,0.33733914827493,0,0.542337009243548,0.590346983490473,NA,NA,0.601645573777813,NA,0.669503260254119,NA,0.597843594695349,NA,0.673510270892882,0.538229438234845,0.411884184037872,0.150978689379382,0.126523979721345,0.0865937653712212,0.592815601977542,0.375300960590195,0.148114654097823,NA,0.192183677121716,0.0135684525351054,0.358790210735427,0.339351805593141,NA,NA
0.612296848297182,0.374134904400045,0.34503220761934,0.124866946789406,0.559821212523636,0.549566560938747,0.0174046987995283,0.336172933605294,0.55126813527069,0.337107150266393,0.324678318324303,0.317040469263106,0.140567108118602,NA,0.532580631288517,0.128446302276321,0.132235856750334,0.343002027694868,NA,0.0560305346974376,0.0364951562898098,0.565884934601195,0.54085676830883,0.611280024083742,0.577214147710843,0.339539546763078,0.146351635772241,0.561526159535524,0.139031538559602,NA,0.551496473242481,NA,0.402106971219471,0.161262162617754,0.355571897335086,0.542337009243548,0,0.271542737498962,NA,NA,0.330797366489048,NA,0.152245391592328,NA,0.313646553713815,NA,0.137586811514402,0.0158791826898305,0.133768098682162,0.555793456758425,0.587917645573069,0.569563682251636,0.296166919641106,0.419705819188641,0.603065673340018,NA,0.543105191009003,0.545539072481797,0.385029084118918,0.378330038392679,NA,NA
0.57364859928882,0.214943825973384,0.468830398523002,0.348570443386409,0.584953517934233,0.672882251357869,0.288932274293587,0.481039904079896,0.657129935293089,0.473349550729625,0.336265907112622,0.341707077109534,0.303873052839243,NA,0.506876434562598,0.339440855678651,0.329826952954492,0.274623906621671,NA,0.224396298181827,0.240306418049548,0.58065074011127,0.50617269394769,0.582156176572367,0.574306045371792,0.492990534137893,0.290524432883719,0.662037834938995,0.243411199682262,NA,0.584185377424264,NA,0.277849958844197,0.278054381611652,0.270709555694236,0.590346983490473,0.271542737498962,0,NA,NA,0.0611477762491769,NA,0.225702424575737,NA,0.0435067852852521,NA,0.268761203463221,0.256034009500369,0.317671738416559,0.667285007115146,0.576740014857085,0.576634898561876,0.0259660938173245,0.286482539974118,0.58296106120704,NA,0.497954102734565,0.587127498123021,0.271832604212656,0.281496427591152,NA,NA
NA,NA,NA,NA,NA,NA,NA,NA,NA,NA,NA,NA,NA,NA,NA,NA,NA,NA,NA,NA,NA,NA,NA,NA,NA,NA,NA,NA,NA,NA,NA,NA,NA,NA,NA,NA,NA,NA,0,NA,NA,NA,NA,NA,NA,NA,NA,NA,NA,NA,NA,NA,NA,NA,NA,NA,NA,NA,NA,NA,NA,NA
NA,NA,NA,NA,NA,NA,NA,NA,NA,NA,NA,NA,NA,NA,NA,NA,NA,NA,NA,NA,NA,NA,NA,NA,NA,NA,NA,NA,NA,NA,NA,NA,NA,NA,NA,NA,NA,NA,NA,0,NA,NA,NA,NA,NA,NA,NA,NA,NA,NA,NA,NA,NA,NA,NA,NA,NA,NA,NA,NA,NA,NA
0.565527745457561,0.196323175517693,0.49997236653032,0.400626771374864,0.591331753967865,0.698182071906797,0.348201622391594,0.515660145458628,0.679108848489648,0.506651507537288,0.352732765688365,0.360614709708215,0.35085202404745,NA,0.504192952734917,0.390294481809061,0.379487755227961,0.277560776273746,NA,0.281750924416094,0.298487441191614,0.584816213044404,0.501348729438118,0.576057765194436,0.574609991275437,0.528789945838375,0.336058864679155,0.682783355952953,0.302911028729714,NA,0.592279605521911,NA,0.263393343683774,0.320862743322596,0.269356870856159,0.601645573777813,0.330797366489048,0.0611477762491769,NA,NA,0,NA,0.284408481334302,NA,0.0176412400959675,NA,0.328490582232904,0.315130306215178,0.366331246882079,0.69022882493946,0.575041732882368,0.579167632071106,0.0352677924176809,0.268217017767887,0.578975563176012,NA,0.490897131709694,0.597108234464408,0.261613029518926,0.275231985480624,NA,NA
NA,NA,NA,NA,NA,NA,NA,NA,NA,NA,NA,NA,NA,NA,NA,NA,NA,NA,NA,NA,NA,NA,NA,NA,NA,NA,NA,NA,NA,NA,NA,NA,NA,NA,NA,NA,NA,NA,NA,NA,NA,0,NA,NA,NA,NA,NA,NA,NA,NA,NA,NA,NA,NA,NA,NA,NA,NA,NA,NA,NA,NA
0.710921548148743,0.405619105800381,0.486886606429585,0.27680124849236,0.680209628813556,0.695403852450292,0.161974914042333,0.482293415435557,0.693671929322796,0.481499592962607,0.429161088110198,0.425918181689528,0.279550973628746,NA,0.633958087906297,0.278957262647755,0.280340632363406,0.415466230621272,NA,0.158122620995881,0.153627600593078,0.682967472718593,0.638991001598886,0.713604267694506,0.688420667383604,0.48730640419593,0.279186856886804,0.702915888145045,0.0224949756595436,NA,0.6741233588222,NA,0.453524412846333,0.285735848280192,0.421773397592591,0.669503260254119,0.152245391592328,0.225702424575737,NA,NA,0.284408481334302,NA,0,NA,0.267338590180022,NA,0.0473830915861457,0.147103764509791,0.278467738546997,0.699435571798406,0.696402500798263,0.684096126298677,0.250899897404885,0.467865742591524,0.708619944355327,NA,0.637110351196784,0.670819363438994,0.440518501692011,0.441024345277212,NA,NA
NA,NA,NA,NA,NA,NA,NA,NA,NA,NA,NA,NA,NA,NA,NA,NA,NA,NA,NA,NA,NA,NA,NA,NA,NA,NA,NA,NA,NA,NA,NA,NA,NA,NA,NA,NA,NA,NA,NA,NA,NA,NA,NA,0,NA,NA,NA,NA,NA,NA,NA,NA,NA,NA,NA,NA,NA,NA,NA,NA,NA,NA
0.56728495656583,0.200038164034027,0.490475829737021,0.385374760229846,0.588925833440086,0.690494000070057,0.331051002664952,0.50522054223051,0.67234432599837,0.496565896284792,0.347033093922832,0.354255618586989,0.336881144424131,NA,0.504287141433006,0.375350656284385,0.364847438417854,0.275405117359048,NA,0.265056170556306,0.281596414013389,0.583038378314151,0.502060263865129,0.577238083483432,0.573933033381498,0.518038280659109,0.322443458044835,0.676370253223141,0.285656658308904,NA,0.589383130961078,NA,0.266284154282738,0.307932332988863,0.268400465975148,0.597843594695349,0.313646553713815,0.0435067852852521,NA,NA,0.0176412400959675,NA,0.267338590180022,NA,0,NA,0.311186031133361,0.298015510260825,0.351939671690872,0.683199823991935,0.574944116143425,0.577853191544768,0.0176705851233408,0.272282048915755,0.579545320938104,NA,0.4922430854088,0.593677600622968,0.2632260896004,0.275744165563581,NA,NA
NA,NA,NA,NA,NA,NA,NA,NA,NA,NA,NA,NA,NA,NA,NA,NA,NA,NA,NA,NA,NA,NA,NA,NA,NA,NA,NA,NA,NA,NA,NA,NA,NA,NA,NA,NA,NA,NA,NA,NA,NA,NA,NA,NA,NA,0,NA,NA,NA,NA,NA,NA,NA,NA,NA,NA,NA,NA,NA,NA,NA,NA
0.726977698106652,0.437887056751102,0.481758849015015,0.260909020186159,0.687493076088215,0.687139282854931,0.14262958392073,0.473716089072298,0.688358448696656,0.474417374297974,0.441436505763685,0.436555100656554,0.275192450978539,NA,0.648725733444738,0.265768039473322,0.269792516351036,0.437677183520881,NA,0.160205955620597,0.150194224289117,0.6917264780692,0.654933061622543,0.728336250411732,0.699653321067938,0.477106160313535,0.27792205211808,0.698385374694335,0.0259194939446913,NA,0.680355858808011,NA,0.481718696767909,0.2882512513149,0.445789030029072,0.673510270892882,0.137586811514402,0.268761203463221,NA,NA,0.328490582232904,NA,0.0473830915861457,NA,0.311186031133361,NA,0,0.137441126592068,0.270604270269151,0.693125471012583,0.708742524600837,0.693946739220085,0.294356593222546,0.496998715633498,0.722129699870283,NA,0.654461400103622,0.675769937703877,0.467555568544503,0.466205762374635,NA,NA
0.603769464832318,0.359508631475583,0.344359820028899,0.130215664429282,0.554449145583997,0.55060325538914,0.033168164110302,0.337134301767857,0.551051298934419,0.33734887538948,0.316062788911606,0.309030765161582,0.137892749831947,NA,0.524253567234162,0.131853943563839,0.133768098682162,0.330896547810653,NA,0.0411442420718726,0.0218168137470014,0.559952000919373,0.532130991571622,0.603228600103624,0.570363627382026,0.341289853739288,0.14175995728719,0.560990745454569,0.135908360203105,NA,0.546517995971238,NA,0.388661345936104,0.154734299959518,0.343004041722681,0.538229438234845,0.0158791826898305,0.256034009500369,NA,NA,0.315130306215178,NA,0.147103764509791,NA,0.298015510260825,NA,0.137441126592068,0,0.133411286588115,0.556003473857653,0.580681374852708,0.563218892874698,0.280561707869066,0.406111434217077,0.595438751840014,NA,0.533880698144055,0.541058219413222,0.371792749860857,0.365587497232306,NA,NA
0.498727621983748,0.335010392004654,0.211293935010649,0.0478942586612534,0.432683131529088,0.417352498646862,0.133420347964159,0.203967561229421,0.417755768041589,0.20393792370467,0.218168929080107,0.206716138888269,0.0207788602275943,NA,0.418738940327328,0.0315948018954299,0.0158791826898305,0.26762203996309,NA,0.124153994152435,0.124934700675901,0.440603175929731,0.429291453452682,0.49507264286824,0.455486266330459,0.208896900015294,0.0389003350397906,0.427859690142858,0.268955839054002,NA,0.423213917090661,NA,0.340601458703578,0.0628387913436629,0.284942352102428,0.411884184037872,0.133768098682162,0.317671738416559,NA,NA,0.366331246882079,NA,0.278467738546997,NA,0.351939671690872,NA,0.270604270269151,0.133411286588115,0,0.422600130328795,0.467839164302492,0.445804138875437,0.336822696477481,0.359514876493564,0.484742619223436,NA,0.434717196108511,0.415951055878522,0.321462869243388,0.308473640082536,NA,NA
