"Abraham Lincoln","Adolf Hitler","Albert Einstein","Alexander the Great","Andrew Jackson","Barack Obama","Benito Mussolini","Benjamin Franklin","Bill Clinton","Bill Gates","Charlemagne","Christopher Columbus","Cleopatra","Constantine the Great","Dwight D. Eisenhower","Elizabeth I of England","Elizabeth II","Fidel Castro","Franklin D. Roosevelt","Gautama Buddha","Genghis Khan","George H. W. Bush","George W. Bush","George Washington","Harry Truman","Henry Ford","Henry VIII of England","Hillary Clinton","Jesus Christ","Joan of Arc","John Adams","John F. Kennedy","Joseph Stalin","Julius Caesar","Karl Marx","Lyndon B. Johnson","Mahatma Gandhi","Malcolm X","Mao Zedong","Margaret Thatcher","Martin Luther King Jr.","Mikhail Gorbachev","Mother Teresa","Napoleon Bonaparte","Nelson Mandela","Pope Francis","Pope John Paul II","Prophet Muhammad","Queen Victoria","Richard Nixon","Robert E. Lee","Ronald Reagan","Rosa Parks","Saddam Hussein","Theodore Roosevelt","Thomas Edison","Thomas Jefferson","Ulysses S. Grant","Vladimir Lenin","Vladimir Putin","Winston Churchill","Woodrow Wilson"
0,0.228694541989569,0.16673337788957,0.22956426924683,NA,0.0133855651362933,0.231372137900688,0.14418089475787,0.11202159178667,0.150726165678215,0.229705337519044,0.243141571276275,0.232757459420781,NA,NA,0.15131788908695,0.159679600077417,NA,0.0574783441732587,0.519647005948758,NA,0.0977528226535068,NA,0.0135184275998145,0.0319876449302276,0.158826667608496,0.157028681361595,0.0912247466997567,0.533993683981011,0.373015875882982,NA,0.0459430126344278,NA,0.234078280647716,0.241010632014387,0.0697234668151725,0.375948657144508,0.370347106229507,0.227373888351011,0.148576449965771,0.373015875882982,0.243930493663041,NA,0.231018465527679,0.37615836954434,0.367819349734697,0.373599968432376,0.533131559447512,0.165559501793141,0.119951573209469,NA,0.0418351481432822,NA,0.228502992392569,0.0274387598107265,0.147703266115372,0.0571352799119017,0.0719718130807468,0.22994835544266,0.23736794434307,NA,0.0812784082568465
0.228694541989569,0,0.389192995177022,0.0916376907860621,NA,0.226342811662966,0.0173923737601527,0.372835556165381,0.133206496314,0.377969032760733,0.0495775827300855,0.137803100936945,0.105690153773237,NA,NA,0.371692902302185,0.369088418468574,NA,0.235596605145977,0.291014724501552,NA,0.246430821504001,NA,0.233103701421206,0.23198447054769,0.384003033722055,0.372936809531207,0.270292520808301,0.305706645930305,0.146938964824445,NA,0.232834233358308,NA,0.0328150482170062,0.0448056451177816,0.233780313053955,0.161506174930861,0.147621565967044,0.0167244441300584,0.372457860226245,0.14468669378256,0.0581584020196226,NA,0.0768825950213418,0.147495901576942,0.149235095937678,0.165431257872554,0.305567032652768,0.368502024996421,0.137271940626223,NA,0.247323993010882,NA,0.0648424382543976,0.233220597740117,0.376129266313313,0.249619469684457,0.257242104978388,0.0343257148449134,0.11971853604352,NA,0.238329773503228
0.16673337788957,0.389192995177022,0,0.36856688914672,NA,0.174274058205022,0.394166182212282,0.0642018751681074,0.278689524431501,0.0328626703707069,0.380486902246487,0.36618793840983,0.36717252273154,NA,NA,0.12299536968948,0.157135349288361,NA,0.194745401214954,0.677429860432167,NA,0.222731059940251,NA,0.15875350671315,0.179566296007141,0.0160565572460104,0.139042617855719,0.131927393118395,0.690357211154888,0.527911473901094,NA,0.188270923363513,NA,0.398455524196496,0.406212237967564,0.206255628116661,0.522999906183937,0.52264438260642,0.385116705479706,0.10762766244317,0.530788116368845,0.409927950745734,NA,0.374548965535324,0.5358563757451,0.517568902415092,0.517442845515001,0.687916418424645,0.173255790144668,0.285887470306436,NA,0.141881699857806,NA,0.375387264274974,0.156314272482473,0.0481464764404287,0.141337415838117,0.137447596735852,0.384192649638102,0.366980809172122,NA,0.213023742178457
0.22956426924683,0.0916376907860621,0.36856688914672,0,NA,0.232556767908573,0.108989047661417,0.367618250130935,0.172258739741376,0.365031208114183,0.0426391334865801,0.0461661560210472,0.0140532140142215,NA,NA,0.380851943079211,0.386515120416716,NA,0.257395779038105,0.318792059946206,NA,0.280702383700604,NA,0.228634944264483,0.244804497842125,0.367112280686671,0.385886316088845,0.238410375495069,0.328901917003791,0.169236307163153,NA,0.250780264161655,NA,0.124337627083602,0.136442672871957,0.260285474406395,0.155217065036109,0.15975932903121,0.0749729925362458,0.377885090742159,0.17891566876621,0.1497551533247,NA,0.0154322101933033,0.189787264993567,0.151808739538749,0.148881379635939,0.324279714091268,0.389766028564191,0.18292520110588,NA,0.232458759854248,NA,0.027036855199629,0.223113892229027,0.366970459877596,0.228608559983064,0.231124817387973,0.0579544515911786,0.0280825719528233,NA,0.268253186804743
NA,NA,NA,NA,0,NA,NA,NA,NA,NA,NA,NA,NA,NA,NA,NA,NA,NA,NA,NA,NA,NA,NA,NA,NA,NA,NA,NA,NA,NA,NA,NA,NA,NA,NA,NA,NA,NA,NA,NA,NA,NA,NA,NA,NA,NA,NA,NA,NA,NA,NA,NA,NA,NA,NA,NA,NA,NA,NA,NA,NA,NA
0.0133855651362933,0.226342811662966,0.174274058205022,0.232556767908573,NA,0,0.228033211807293,0.147109152720788,0.104930683564877,0.15623850522673,0.230244489957437,0.248468537798976,0.23650613282338,NA,NA,0.14893239056029,0.154478371658305,NA,0.044445191614384,0.517312007421414,NA,0.0846181535815766,NA,0.0268710850581442,0.0192460580205111,0.165431257872554,0.153341808104329,0.104555290047017,0.532020760872671,0.371772233200994,NA,0.0329170113261701,NA,0.229890054569859,0.23625567618972,0.0564705963174127,0.376470642116085,0.369751229018728,0.225997085536589,0.147548905634849,0.370981774084652,0.238490950246125,NA,0.233137243245933,0.37351863325658,0.367807809227477,0.37475290362223,0.531558223720213,0.159196177850287,0.11161400670259,NA,0.0550644686856729,NA,0.22994835544266,0.0407805153603335,0.151983764084529,0.070504126326419,0.0853358821218697,0.229591516769388,0.241822212953699,NA,0.0680697105120362
0.231372137900688,0.0173923737601527,0.394166182212282,0.108989047661417,NA,0.228033211807293,0,0.375065750707778,0.130517711909269,0.381603810144499,0.0669645341224353,0.155149401901029,0.123038955446282,NA,NA,0.371181051392607,0.366970459877596,NA,0.233989503078625,0.290040434368439,NA,0.242020759836473,NA,0.236709138769651,0.232268390868897,0.388326394219903,0.371676072358962,0.278224185771527,0.305537786190923,0.150102345602923,NA,0.232066313722065,NA,0.0154322101933033,0.0274794399810416,0.231217593581599,0.169548881257863,0.152828108538816,0.0341168078313374,0.372663542153466,0.14527379799834,0.0407750366855779,NA,0.0942718255144561,0.146020806546466,0.156171284643837,0.175010895596525,0.306311144588214,0.365623779225059,0.132749525854646,NA,0.252598140859902,NA,0.082229384872701,0.237861555494686,0.379075089599785,0.255946552728428,0.264349646834283,0.0516823771273579,0.137071613665831,NA,0.234969916306636
0.14418089475787,0.372835556165381,0.0642018751681074,0.367618250130935,NA,0.147109152720788,0.375065750707778,0,0.250279997051106,0.031423941838152,0.37234447673527,0.373259558367675,0.368675374687407,NA,NA,0.0588837399531575,0.0929352459139415,NA,0.153807318885819,0.663818981674072,NA,0.173806807156579,NA,0.141119114439893,0.145685356728478,0.0481464764404287,0.0749402070323664,0.148418481895928,0.678161594377944,0.516980229863811,NA,0.15042349047221,NA,0.376969977235722,0.383132274121074,0.163183680753802,0.518116375622246,0.513867223206644,0.371472850743968,0.0435771667594828,0.517195391133219,0.38485731113452,NA,0.371055838268758,0.520253702984896,0.510734367817054,0.514693469720323,0.677196660247086,0.109056670816144,0.254596151256238,NA,0.135606686639169,NA,0.369823727365027,0.14468669378256,0.0160565572460104,0.142409785640547,0.145229193727987,0.373494707775219,0.370920946095301,NA,0.167388647497721
0.11202159178667,0.133206496314,0.278689524431501,0.172258739741376,NA,0.104930683564877,0.130517711909269,0.250279997051106,0,0.261115861686871,0.153161042324823,0.204840497093886,0.181511569754609,NA,NA,0.24136632370764,0.236460786767171,NA,0.103643194328125,0.419954742300099,NA,0.113943593558245,NA,0.121255674596006,0.104766614409793,0.270292520808301,0.241322816683306,0.184785564973493,0.435825494888168,0.279829527245284,NA,0.10256846895524,NA,0.129301871474053,0.133964093936275,0.100766568968041,0.293051181510898,0.280800261085234,0.137851728745646,0.243704169233276,0.275790958223479,0.134730697314443,NA,0.166447731799369,0.276079999407235,0.281778750727536,0.294869089055164,0.436813198887635,0.235392639736908,0.0147209349882893,NA,0.144661986355163,NA,0.15888432840822,0.12770589869983,0.25632771328121,0.153998932140052,0.166618105549386,0.147016485528776,0.191791958994589,NA,0.105139128563644
0.150726165678215,0.377969032760733,0.0328626703707069,0.365031208114183,NA,0.15623850522673,0.381603810144499,0.031423941838152,0.261115861686871,0,0.373339154772987,0.366785949936044,0.364890415245643,NA,NA,0.0903017069681721,0.124337627083602,NA,0.170788224900615,0.668125638377575,NA,0.195566200078525,NA,0.144939702077017,0.158545094767333,0.0168309703289181,0.106358118569844,0.135299909908453,0.681777027436859,0.519739431162874,NA,0.165597281051442,NA,0.384735387638587,0.391735675332765,0.181478334556743,0.517873988439757,0.515546993336302,0.375227137322533,0.0749729925362458,0.521287153153266,0.394492516296641,NA,0.369736123407296,0.525361080034664,0.511443379642119,0.513392247349195,0.680075857824731,0.140430360559686,0.266993494991032,NA,0.133303735912443,NA,0.369525184592518,0.145398309855175,0.0154322101933033,0.136560513169895,0.136155830283582,0.375772717438188,0.365956030181293,NA,0.187195135110416
0.229705337519044,0.0495775827300855,0.380486902246487,0.0426391334865801,NA,0.230244489957437,0.0669645341224353,0.37234447673527,0.153161042324823,0.373339154772987,0,0.0886613779682927,0.056628622640954,NA,NA,0.378981371252414,0.380839624256698,NA,0.248290444116991,0.297973515940458,NA,0.266204943957937,NA,0.231282321582792,0.239642256468543,0.377279801586447,0.382288751934764,0.25432925129811,0.31014757166341,0.147695703185392,NA,0.243344550164496,NA,0.0823922369959321,0.0942718255144561,0.249057675645112,0.146273034566426,0.142277947951448,0.0328626703707069,0.377729571395581,0.1528164134797,0.107694065973919,NA,0.0274794399810416,0.160899157804027,0.138393578584648,0.144867238773982,0.307432292495414,0.382329073160266,0.161298549556933,NA,0.240127471149502,NA,0.015604964196707,0.228330851738835,0.373529997323378,0.239149518200655,0.244161183355236,0.0153887186736824,0.0705706381739567,NA,0.255577061842364
0.243141571276275,0.137803100936945,0.36618793840983,0.0461661560210472,NA,0.248468537798976,0.155149401901029,0.373259558367675,0.204840497093886,0.366785949936044,0.0886613779682927,0,0.0321131144920208,NA,NA,0.393246915718645,0.402681427685199,NA,0.279064438932901,0.341626154006056,NA,0.306760095460539,NA,0.239688864786297,0.263099287071239,0.366750620616412,0.399975446688306,0.234264317936187,0.349498657685696,0.196592777434126,NA,0.271062587706289,NA,0.170485785886086,0.182607384708666,0.283827164207447,0.17189521471209,0.18400531323013,0.121137700059497,0.388550125473817,0.209869883366631,0.195909750479023,NA,0.0611945077650732,0.22284437464069,0.172887900561493,0.161251450639887,0.343005829181627,0.407635290717993,0.21703004067384,NA,0.238025865070551,NA,0.0731082560941923,0.231678988676543,0.370626903875408,0.231116117710397,0.230666187954543,0.104030469923435,0.018097413635301,NA,0.292927654442484
0.232757459420781,0.105690153773237,0.36717252273154,0.0140532140142215,NA,0.23650613282338,0.123038955446282,0.368675374687407,0.181511569754609,0.364890415245643,0.056628622640954,0.0321131144920208,0,NA,NA,0.384023977501577,0.390875283303679,NA,0.263272454676914,0.325270269939845,NA,0.288052498568213,NA,0.231024267800655,0.249558602604969,0.366328842452172,0.389594608453185,0.236145012692608,0.334684522756318,0.176785225656227,NA,0.256191711900057,NA,0.138382278052704,0.150494762933346,0.266775849952799,0.159120378831733,0.166209990458559,0.089025997962074,0.380513910827134,0.187721899183704,0.163802690662499,NA,0.0292362731281672,0.199340708179119,0.157145301267281,0.151325270987537,0.329461825546937,0.394665771527474,0.192735493374884,NA,0.233143951031809,NA,0.0410426317086911,0.224696372083446,0.367415824355344,0.228330851738835,0.22994835544266,0.0719718130807467,0.0140373077114284,NA,0.275129152401141
NA,NA,NA,NA,NA,NA,NA,NA,NA,NA,NA,NA,NA,0,NA,NA,NA,NA,NA,NA,NA,NA,NA,NA,NA,NA,NA,NA,NA,NA,NA,NA,NA,NA,NA,NA,NA,NA,NA,NA,NA,NA,NA,NA,NA,NA,NA,NA,NA,NA,NA,NA,NA,NA,NA,NA,NA,NA,NA,NA,NA,NA
NA,NA,NA,NA,NA,NA,NA,NA,NA,NA,NA,NA,NA,NA,0,NA,NA,NA,NA,NA,NA,NA,NA,NA,NA,NA,NA,NA,NA,NA,NA,NA,NA,NA,NA,NA,NA,NA,NA,NA,NA,NA,NA,NA,NA,NA,NA,NA,NA,NA,NA,NA,NA,NA,NA,NA,NA,NA,NA,NA,NA,NA
0.15131788908695,0.371692902302185,0.12299536968948,0.380851943079211,NA,0.14893239056029,0.371181051392607,0.0588837399531575,0.24136632370764,0.0903017069681721,0.378981371252414,0.393246915718645,0.384023977501577,NA,NA,0,0.0344102210409743,NA,0.137966746278226,0.661137320729853,NA,0.144385283774394,NA,0.153576194587959,0.140017715785467,0.106959271110539,0.0160565572460104,0.186230729568443,0.676705258671245,0.518357787479532,NA,0.139114903283795,NA,0.370663671909275,0.375070515883004,0.143285603599698,0.525075661831932,0.517299051354289,0.372975745814239,0.0153887186736824,0.516053754429513,0.374725479813503,NA,0.381945557196052,0.517149169254496,0.51600526550632,0.523633864584331,0.677135955656231,0.0506695837133449,0.242287387445762,NA,0.158887140594888,NA,0.37888055395006,0.16209438085085,0.0748924934058614,0.170416319414998,0.177685235402582,0.377729571395581,0.388312586527363,NA,0.143421188186662
0.159679600077417,0.369088418468574,0.157135349288361,0.386515120416716,NA,0.154478371658305,0.366970459877596,0.0929352459139415,0.236460786767171,0.124337627083602,0.380839624256698,0.402681427685199,0.390875283303679,NA,NA,0.0344102210409743,0,NA,0.133576633706335,0.65575132040604,NA,0.130222965374127,NA,0.164670550785087,0.141843904212624,0.141081114498146,0.0188235321058043,0.208710625974191,0.671976967052529,0.51600526550632,NA,0.13753858936217,NA,0.365031208114183,0.368351035232373,0.135799304024444,0.525945469500824,0.516153315614613,0.371906816609149,0.0497530154541579,0.512243006904242,0.366784731740292,NA,0.38624046984652,0.512184997387196,0.515942049889323,0.525670143623747,0.673218902408438,0.0162639255949225,0.235292964463815,NA,0.175251995328294,NA,0.382146132608794,0.175302979211181,0.108989047661418,0.188606441060622,0.197798212149342,0.378202435452281,0.396298898896292,NA,0.133156172106013
NA,NA,NA,NA,NA,NA,NA,NA,NA,NA,NA,NA,NA,NA,NA,NA,NA,0,NA,NA,NA,NA,NA,NA,NA,NA,NA,NA,NA,NA,NA,NA,NA,NA,NA,NA,NA,NA,NA,NA,NA,NA,NA,NA,NA,NA,NA,NA,NA,NA,NA,NA,NA,NA,NA,NA,NA,NA,NA,NA,NA,NA
0.0574783441732587,0.235596605145977,0.194745401214954,0.257395779038105,NA,0.044445191614384,0.233989503078625,0.153807318885819,0.103643194328125,0.170788224900615,0.248290444116991,0.279064438932901,0.263272454676914,NA,NA,0.137966746278226,0.133576633706335,NA,0,0.523597598113537,NA,0.0403066275872162,NA,0.0705041263264189,0.025541179739966,0.183140025325441,0.137699304216869,0.147131930794749,0.539437409419161,0.382534703702476,NA,0.0115391191417264,NA,0.232895634286216,0.237117455819056,0.0131328256234211,0.392678961996166,0.382576750879509,0.238356956290521,0.141237798361888,0.379198243892321,0.236826142145982,NA,0.255602410422823,0.379713408338685,0.382459941751663,0.392863253168201,0.540284509992097,0.134084112559797,0.104397051047174,NA,0.0975949999179221,NA,0.250594898378636,0.0848185708304101,0.162776562226065,0.113666799939281,0.128342839801676,0.244998804170645,0.270323927586858,NA,0.0240732382202144
0.519647005948758,0.291014724501552,0.677429860432167,0.318792059946206,NA,0.517312007421414,0.290040434368439,0.663818981674072,0.419954742300099,0.668125638377575,0.297973515940458,0.341626154006056,0.325270269939845,NA,NA,0.661137320729853,0.65575132040604,NA,0.523597598113537,0,NA,0.52801303033072,NA,0.523633864584331,0.522259529314956,0.673315795843617,0.661253891104311,0.552291076142201,0.0204613517271171,0.1505081227624,NA,0.52203704031544,NA,0.290792010098113,0.287561913336704,0.520052694849684,0.170799997399885,0.159106338013645,0.292898671414017,0.662697323070396,0.146838583161795,0.290275270310113,NA,0.30883306760441,0.14401965669097,0.168808054211597,0.184463687144706,0.0332479117466382,0.653356664268045,0.420459289695178,NA,0.535956426726351,NA,0.305268587273225,0.522809782421145,0.666833345561352,0.536300209615128,0.541942173445932,0.293279036195642,0.331626668473968,NA,0.522806363833199
NA,NA,NA,NA,NA,NA,NA,NA,NA,NA,NA,NA,NA,NA,NA,NA,NA,NA,NA,NA,0,NA,NA,NA,NA,NA,NA,NA,NA,NA,NA,NA,NA,NA,NA,NA,NA,NA,NA,NA,NA,NA,NA,NA,NA,NA,NA,NA,NA,NA,NA,NA,NA,NA,NA,NA,NA,NA,NA,NA,NA,NA
0.0977528226535068,0.246430821504001,0.222731059940251,0.280702383700604,NA,0.0846181535815766,0.242020759836473,0.173806807156579,0.113943593558245,0.195566200078525,0.266204943957937,0.306760095460539,0.288052498568213,NA,NA,0.144385283774394,0.130222965374127,NA,0.0403066275872162,0.52801303033072,NA,0,NA,0.110810468614351,0.0658475952785338,0.209623837787635,0.139575042921149,0.187165296463854,0.544778357225657,0.392107336815859,NA,0.0518205193774469,NA,0.238368203433703,0.240552275960855,0.0283753951905576,0.406941405565162,0.393969458116202,0.251758294543779,0.151618778823548,0.386550377192603,0.23798925733142,NA,0.277005001375047,0.385257645233913,0.395459169252992,0.408788419938652,0.546800040623089,0.125811243506823,0.109339005414345,NA,0.137739859120062,NA,0.270603947803174,0.125120359059545,0.185283008817261,0.153887186736824,0.1685126675415,0.260793961354675,0.296416699180583,NA,0.0167110806088434
NA,NA,NA,NA,NA,NA,NA,NA,NA,NA,NA,NA,NA,NA,NA,NA,NA,NA,NA,NA,NA,NA,0,NA,NA,NA,NA,NA,NA,NA,NA,NA,NA,NA,NA,NA,NA,NA,NA,NA,NA,NA,NA,NA,NA,NA,NA,NA,NA,NA,NA,NA,NA,NA,NA,NA,NA,NA,NA,NA,NA,NA
0.0135184275998145,0.233103701421206,0.15875350671315,0.228634944264483,NA,0.0268710850581442,0.236709138769651,0.141119114439893,0.121255674596006,0.144939702077017,0.231282321582792,0.239688864786297,0.231024267800655,NA,NA,0.153576194587959,0.164670550785087,NA,0.0705041263264189,0.523633864584331,NA,0.110810468614351,NA,0,0.0449649191863444,0.151855824792327,0.160539134010687,0.0777063451418751,0.537618293040338,0.376064518395281,NA,0.0590088109542055,NA,0.240200959389935,0.247639044625372,0.0829543158418187,0.377238940669385,0.37276004759333,0.230848200638833,0.149498339576413,0.376837202085998,0.251178159478167,NA,0.230988484795441,0.380562638851382,0.369654542439005,0.374256579868586,0.536364774539286,0.171663716409877,0.130126857318375,NA,0.0283753951905576,NA,0.229169790974806,0.0144297060396232,0.143216983210043,0.0436335242969188,0.0584649042846287,0.232415507867885,0.234871012833326,NA,0.0944422991175529
0.0319876449302276,0.23198447054769,0.179566296007141,0.244804497842125,NA,0.0192460580205111,0.232268390868897,0.145685356728478,0.104766614409793,0.158545094767333,0.239642256468543,0.263099287071239,0.249558602604969,NA,NA,0.140017715785467,0.141843904212624,NA,0.025541179739966,0.522259529314956,NA,0.0658475952785338,NA,0.0449649191863444,0,0.169322091661405,0.142652737721837,0.121878666559866,0.537459113190747,0.378438645912003,NA,0.0140532140142216,NA,0.232864935846007,0.238335397782547,0.0381071268741079,0.385425197846027,0.377282170199555,0.232964690986339,0.140501932023769,0.376570918071835,0.239490250367802,NA,0.244399882412536,0.378253823779721,0.376100754842197,0.384494329891323,0.537548475828723,0.145107615994787,0.109011593373956,NA,0.0722691929328926,NA,0.240439873341135,0.0592807772132791,0.152487122575505,0.088234505614693,0.102959787129613,0.237870008469856,0.255595417962067,NA,0.0495054304884982
0.158826667608496,0.384003033722055,0.0160565572460104,0.367112280686671,NA,0.165431257872554,0.388326394219903,0.0481464764404287,0.270292520808301,0.0168309703289181,0.377279801586447,0.366750620616412,0.366328842452172,NA,NA,0.106959271110539,0.141081114498146,NA,0.183140025325441,0.673315795843617,NA,0.209623837787635,NA,0.151855824792327,0.169322091661405,0,0.123009899991038,0.133206496314,0.686601830351703,0.524299015483005,NA,0.177263530949739,NA,0.392053205613891,0.399445585855224,0.19427793761076,0.52087556321277,0.519555424290996,0.38057496663963,0.0915986752693236,0.526526240226721,0.402694742695817,NA,0.372476454223596,0.531109585834546,0.51495297255824,0.515841581740117,0.684523068992387,0.157199315302146,0.276858984012606,NA,0.13739394786199,NA,0.372803197221487,0.150789887336176,0.0320922369638684,0.138683847420737,0.13646723132535,0.380367689299786,0.366751229771446,NA,0.200550791666611
0.157028681361595,0.372936809531207,0.139042617855719,0.385886316088845,NA,0.153341808104329,0.371676072358962,0.0749402070323664,0.241322816683306,0.106358118569844,0.382288751934764,0.399975446688306,0.389594608453185,NA,NA,0.0160565572460104,0.0188235321058043,NA,0.137699304216869,0.661253891104311,NA,0.139575042921149,NA,0.160539134010687,0.142652737721837,0.123009899991038,0,0.198293431824085,0.677135955656231,0.519830980403072,NA,0.140166025319222,NA,0.3704918555315,0.374391463669669,0.141612185773983,0.528038416386233,0.519330486263024,0.374932301213022,0.0314168315446255,0.516846681153789,0.373468387975411,NA,0.386363653089382,0.517402690807317,0.518534895024564,0.527128834036209,0.677946770648571,0.0350215771316231,0.241266338420777,NA,0.168231370609007,NA,0.382828936960374,0.170048855763816,0.0909475902019506,0.180603413936344,0.18872485592516,0.380401166658144,0.394393964672594,NA,0.140444677770363
0.0912247466997567,0.270292520808301,0.131927393118395,0.238410375495069,NA,0.104555290047017,0.278224185771527,0.148418481895928,0.184785564973493,0.135299909908453,0.25432925129811,0.234264317936187,0.236145012692608,NA,NA,0.186230729568443,0.208710625974191,NA,0.147131930794749,0.552291076142201,NA,0.187165296463854,NA,0.0777063451418751,0.121878666559866,0.133206496314,0.198293431824085,0,0.564161725368856,0.401895061252592,NA,0.135858515971264,NA,0.285319569977833,0.294892575333616,0.159959175884726,0.393522921143738,0.39525291470227,0.263548099411602,0.176258731446537,0.406751958722519,0.301225467513798,NA,0.245537130602398,0.413468202685594,0.389091378729908,0.387112317565116,0.560786020030762,0.220089436077774,0.196523444764915,NA,0.049627126545313,NA,0.24756054491987,0.0645316071998736,0.141925782055896,0.0342214207493984,0.0194653605121607,0.259976295656077,0.235368911357692,NA,0.171205000448286
0.533993683981011,0.305706645930305,0.690357211154888,0.328901917003791,NA,0.532020760872671,0.305537786190923,0.678161594377944,0.435825494888168,0.681777027436859,0.31014757166341,0.349498657685696,0.334684522756318,NA,NA,0.676705258671245,0.671976967052529,NA,0.539437409419161,0.0204613517271171,NA,0.544778357225657,NA,0.537618293040338,0.537459113190747,0.686601830351703,0.677135955656231,0.564161725368856,0,0.162481210286409,NA,0.53759460607412,NA,0.306958124526095,0.304226128947466,0.536198139523912,0.177701579881962,0.169316813870379,0.306774660775369,0.67795731573296,0.161039335048328,0.307449732576312,NA,0.319608143422637,0.159792887215804,0.177560716550696,0.190050763783879,0.0160565572460104,0.669880503184061,0.436764096914349,NA,0.549208590051952,NA,0.316681988177175,0.536383517739003,0.680829030733563,0.549075556223645,0.554308735325541,0.306243307484315,0.340341988397506,NA,0.539216622118982
0.373015875882982,0.146938964824445,0.527911473901094,0.169236307163153,NA,0.371772233200994,0.150102345602923,0.516980229863811,0.279829527245284,0.519739431162874,0.147695703185392,0.196592777434126,0.176785225656227,NA,NA,0.518357787479532,0.51600526550632,NA,0.382534703702476,0.1505081227624,NA,0.392107336815859,NA,0.376064518395281,0.378438645912003,0.524299015483005,0.519830980403072,0.401895061252592,0.162481210286409,0,NA,0.379688108016805,NA,0.155199792146425,0.156028165767877,0.380557942446054,0.0495370100254428,0.0181590325185044,0.145775805020624,0.518718833219985,0.0221495901974391,0.16323706534296,NA,0.15861271783594,0.0394608028235957,0.0344102210409742,0.0668576899632414,0.160348369838137,0.515221884317778,0.28279572727297,NA,0.386927596819477,NA,0.154767343386899,0.374358045664097,0.519156662443176,0.386610479691819,0.391848008988462,0.14397621559045,0.184549656828338,NA,0.384764420546681
NA,NA,NA,NA,NA,NA,NA,NA,NA,NA,NA,NA,NA,NA,NA,NA,NA,NA,NA,NA,NA,NA,NA,NA,NA,NA,NA,NA,NA,NA,0,NA,NA,NA,NA,NA,NA,NA,NA,NA,NA,NA,NA,NA,NA,NA,NA,NA,NA,NA,NA,NA,NA,NA,NA,NA,NA,NA,NA,NA,NA,NA
0.0459430126344278,0.232834233358308,0.188270923363513,0.250780264161655,NA,0.0329170113261701,0.232066313722065,0.15042349047221,0.10256846895524,0.165597281051442,0.243344550164496,0.271062587706289,0.256191711900057,NA,NA,0.139114903283795,0.13753858936217,NA,0.0115391191417264,0.52203704031544,NA,0.0518205193774469,NA,0.0590088109542055,0.0140532140142216,0.177263530949739,0.140166025319222,0.135858515971264,0.53759460607412,0.379688108016805,NA,0,NA,0.231730090968841,0.23652313535311,0.0241010632014387,0.388448340854738,0.379200600522199,0.234813934187691,0.141136527660579,0.377002571126552,0.236890280752828,NA,0.249572030442732,0.378039955146789,0.378615707047351,0.388146855904368,0.538103438477784,0.139307481051671,0.104947715002023,NA,0.0862706198255225,NA,0.245005187209282,0.0733005220910303,0.15844501606029,0.102273997757774,0.116985203363607,0.240706395808424,0.262826571736784,NA,0.0354527061899478
NA,NA,NA,NA,NA,NA,NA,NA,NA,NA,NA,NA,NA,NA,NA,NA,NA,NA,NA,NA,NA,NA,NA,NA,NA,NA,NA,NA,NA,NA,NA,NA,0,NA,NA,NA,NA,NA,NA,NA,NA,NA,NA,NA,NA,NA,NA,NA,NA,NA,NA,NA,NA,NA,NA,NA,NA,NA,NA,NA,NA,NA
0.234078280647716,0.0328150482170062,0.398455524196496,0.124337627083602,NA,0.229890054569859,0.0154322101933033,0.376969977235722,0.129301871474053,0.384735387638587,0.0823922369959321,0.170485785886086,0.138382278052704,NA,NA,0.370663671909275,0.365031208114183,NA,0.232895634286216,0.290792010098113,NA,0.238368203433703,NA,0.240200959389935,0.232864935846007,0.392053205613891,0.3704918555315,0.285319569977833,0.306958124526095,0.155199792146425,NA,0.231730090968841,NA,0,0.0124875499646793,0.229279923548333,0.178412993808461,0.159569032677688,0.0495370100254428,0.372780424429025,0.14824678311874,0.0254359994177354,NA,0.109675625376784,0.147180512237201,0.164260317057773,0.185032039271005,0.308531264591492,0.363008369362014,0.129817456659741,NA,0.25747648627912,NA,0.0976293309110637,0.242247734793316,0.3816038101445,0.261723479354054,0.270773141055794,0.0671144959432991,0.152418247540051,NA,0.232297244682652
0.241010632014387,0.0448056451177816,0.406212237967564,0.136442672871957,NA,0.23625567618972,0.0274794399810416,0.383132274121074,0.133964093936275,0.391735675332765,0.0942718255144561,0.182607384708666,0.150494762933346,NA,NA,0.375070515883004,0.368351035232373,NA,0.237117455819056,0.287561913336704,NA,0.240552275960855,NA,0.247639044625372,0.238335397782547,0.399445585855224,0.374391463669669,0.294892575333616,0.304226128947466,0.156028165767877,NA,0.23652313535311,NA,0.0124875499646793,0,0.232863976454541,0.182377233988873,0.16176464136875,0.0615004093768578,0.37765859072102,0.147368614057009,0.0135184275998145,NA,0.12165666683238,0.14484410455671,0.167603391202356,0.190031954558513,0.306436567188287,0.365794828436907,0.133156172106013,NA,0.265765662265915,NA,0.10962672671173,0.250255894800919,0.388195776815902,0.270555233551961,0.279975591274141,0.0789216056471913,0.16452396217783,NA,0.235292964463815
0.0697234668151725,0.233780313053955,0.206255628116661,0.260285474406395,NA,0.0564705963174127,0.231217593581599,0.163183680753802,0.100766568968041,0.181478334556743,0.249057675645112,0.283827164207447,0.266775849952799,NA,NA,0.143285603599698,0.135799304024444,NA,0.0131328256234211,0.520052694849684,NA,0.0283753951905576,NA,0.0829543158418187,0.0381071268741079,0.19427793761076,0.141612185773983,0.159959175884726,0.536198139523912,0.380557942446054,NA,0.0241010632014387,NA,0.229279923548333,0.232863976454541,0,0.392335175739442,0.381219564549112,0.237447931957536,0.14778038589306,0.376478356599382,0.231865023987261,NA,0.257727991740237,0.376405359389896,0.381660008758896,0.393115660012063,0.537425442482867,0.134729039121089,0.0997078916540876,NA,0.11036602900717,NA,0.252166164244763,0.0971544917690161,0.172859469514947,0.126337537758798,0.141066861880958,0.244971446406965,0.274387598107266,NA,0.0116738590438744
0.375948657144508,0.161506174930861,0.522999906183937,0.155217065036109,NA,0.376470642116085,0.169548881257863,0.518116375622246,0.293051181510898,0.517873988439757,0.146273034566426,0.17189521471209,0.159120378831733,NA,NA,0.525075661831932,0.525945469500824,NA,0.392678961996166,0.170799997399885,NA,0.406941405565162,NA,0.377238940669385,0.385425197846027,0.52087556321277,0.528038416386233,0.393522921143738,0.177701579881962,0.0495370100254428,NA,0.388448340854738,NA,0.178412993808461,0.182377233988873,0.392335175739442,0,0.0317633641978996,0.155199792146425,0.523986158633811,0.0716763163494918,0.192084112922887,NA,0.148456108587341,0.0889933688578469,0.0170420252235428,0.0178362898905379,0.171168458896085,0.526672181218722,0.298339173723264,NA,0.384611102028735,NA,0.148418481895928,0.373660360305231,0.518764053933233,0.382198159758116,0.385627439426669,0.147744099247453,0.163511924907522,NA,0.397850084739629
0.370347106229507,0.147621565967044,0.52264438260642,0.15975932903121,NA,0.369751229018728,0.152828108538816,0.513867223206644,0.280800261085234,0.515546993336302,0.142277947951448,0.18400531323013,0.166209990458559,NA,NA,0.517299051354289,0.516153315614613,NA,0.382576750879509,0.159106338013645,NA,0.393969458116202,NA,0.37276004759333,0.377282170199555,0.519555424290996,0.519330486263024,0.39525291470227,0.169316813870379,0.0181590325185044,NA,0.379200600522199,NA,0.159569032677688,0.16176464136875,0.381219564549112,0.0317633641978996,0,0.144399208854169,0.517121952571085,0.0401065934612241,0.170128977965478,NA,0.150298682339306,0.0574900034608812,0.0162639255949225,0.0488009335413057,0.165539259358106,0.515942049889323,0.284685409864802,NA,0.382386917926937,NA,0.147703266115372,0.370373044639279,0.515492822738666,0.381325036336414,0.385936681291846,0.140412859764116,0.172987372426611,NA,0.385936681291846
0.227373888351011,0.0167244441300584,0.385116705479706,0.0749729925362458,NA,0.225997085536589,0.0341168078313374,0.371472850743968,0.137851728745646,0.375227137322533,0.0328626703707069,0.121137700059497,0.089025997962074,NA,NA,0.372975745814239,0.371906816609149,NA,0.238356956290521,0.292898671414017,NA,0.251758294543779,NA,0.230848200638833,0.232964690986339,0.38057496663963,0.374932301213022,0.263548099411602,0.306774660775369,0.145775805020624,NA,0.234813934187691,NA,0.0495370100254428,0.0615004093768578,0.237447931957536,0.155199792146425,0.144399208854169,0,0.373051210727234,0.146060580477517,0.0748775766623498,NA,0.0601636036506954,0.150779515878144,0.144213430568751,0.157463432489838,0.305758527806493,0.372041351332683,0.143509950012159,NA,0.243344550164496,NA,0.0481279121534689,0.229938639657066,0.37406371903161,0.244574414943592,0.251379092791396,0.0176979732532648,0.103046544918026,NA,0.24271945735914
0.148576449965771,0.372457860226245,0.10762766244317,0.377885090742159,NA,0.147548905634849,0.372663542153466,0.0435771667594828,0.243704169233276,0.0749729925362458,0.377729571395581,0.388550125473817,0.380513910827134,NA,NA,0.0153887186736824,0.0497530154541579,NA,0.141237798361888,0.662697323070396,NA,0.151618778823548,NA,0.149498339576413,0.140501932023769,0.0915986752693236,0.0314168315446255,0.176258731446537,0.67795731573296,0.518718833219985,NA,0.141136527660579,NA,0.372780424429025,0.37765859072102,0.14778038589306,0.523986158633811,0.517121952571085,0.373051210727234,0,0.517070107306185,0.377856711758159,NA,0.379591598285493,0.518679638746097,0.515345883416564,0.52202462948344,0.678024207291826,0.0659967099415547,0.245537130602398,NA,0.152173269182539,NA,0.376997237773611,0.156880648489118,0.0595515014402804,0.162679086700469,0.168937702033724,0.377102113202583,0.384280446163889,NA,0.149076327185253
0.373015875882982,0.14468669378256,0.530788116368845,0.17891566876621,NA,0.370981774084652,0.14527379799834,0.517195391133219,0.275790958223479,0.521287153153266,0.1528164134797,0.209869883366631,0.187721899183704,NA,NA,0.516053754429513,0.512243006904242,NA,0.379198243892321,0.146838583161795,NA,0.386550377192603,NA,0.376837202085998,0.376570918071835,0.526526240226721,0.516846681153789,0.406751958722519,0.161039335048328,0.0221495901974391,NA,0.377002571126552,NA,0.14824678311874,0.147368614057009,0.376478356599382,0.0716763163494918,0.0401065934612241,0.146060580477517,0.517070107306185,0,0.153039926586034,NA,0.167026561007052,0.0173923737601528,0.0562128560568861,0.0889054617479845,0.161107297890793,0.510771985013945,0.277629345447366,NA,0.389197013361191,NA,0.161738398924377,0.375976585942444,0.520049258137789,0.38980786884801,0.395813224127328,0.146943525997956,0.196632547436354,NA,0.380056855242982
0.243930493663041,0.0581584020196226,0.409927950745734,0.1497551533247,NA,0.238490950246125,0.0407750366855779,0.38485731113452,0.134730697314443,0.394492516296641,0.107694065973919,0.195909750479023,0.163802690662499,NA,NA,0.374725479813503,0.366784731740292,NA,0.236826142145982,0.290275270310113,NA,0.23798925733142,NA,0.251178159478167,0.239490250367802,0.402694742695817,0.373468387975411,0.301225467513798,0.307449732576312,0.16323706534296,NA,0.236890280752828,NA,0.0254359994177354,0.0135184275998145,0.231865023987261,0.192084112922887,0.170128977965478,0.0748775766623498,0.377856711758159,0.153039926586034,0,NA,0.135040421560356,0.149068833916831,0.176876190560246,0.200488399471965,0.310333360800139,0.363642943962985,0.132441191566852,NA,0.27037020461075,NA,0.123000818753716,0.254523308319537,0.390444662392202,0.275882480206188,0.285801497337494,0.0923637616141368,0.17783730670958,NA,0.233632142990336
NA,NA,NA,NA,NA,NA,NA,NA,NA,NA,NA,NA,NA,NA,NA,NA,NA,NA,NA,NA,NA,NA,NA,NA,NA,NA,NA,NA,NA,NA,NA,NA,NA,NA,NA,NA,NA,NA,NA,NA,NA,NA,0,NA,NA,NA,NA,NA,NA,NA,NA,NA,NA,NA,NA,NA,NA,NA,NA,NA,NA,NA
0.231018465527679,0.0768825950213418,0.374548965535324,0.0154322101933033,NA,0.233137243245933,0.0942718255144561,0.371055838268758,0.166447731799369,0.369736123407296,0.0274794399810416,0.0611945077650732,0.0292362731281672,NA,NA,0.381945557196052,0.38624046984652,NA,0.255602410422823,0.30883306760441,NA,0.277005001375047,NA,0.230988484795441,0.244399882412536,0.372476454223596,0.386363653089382,0.245537130602398,0.319608143422637,0.15861271783594,NA,0.249572030442732,NA,0.109675625376784,0.12165666683238,0.257727991740237,0.148456108587341,0.150298682339306,0.0601636036506954,0.379591598285493,0.167026561007052,0.135040421560356,NA,0,0.177168981988821,0.143559757158844,0.143740163390166,0.315588038326947,0.388855319475613,0.176258731446537,NA,0.236629845548187,NA,0.0120505316007194,0.226369460026722,0.371058848695259,0.233792735952338,0.237206946371306,0.0428638403235912,0.0431132925187485,NA,0.265190054225678
0.37615836954434,0.147495901576942,0.5358563757451,0.189787264993567,NA,0.37351863325658,0.146020806546466,0.520253702984896,0.276079999407235,0.525361080034664,0.160899157804027,0.22284437464069,0.199340708179119,NA,NA,0.517149169254496,0.512184997387196,NA,0.379713408338685,0.14401965669097,NA,0.385257645233913,NA,0.380562638851382,0.378253823779721,0.531109585834546,0.517402690807317,0.413468202685594,0.159792887215804,0.0394608028235957,NA,0.378039955146789,NA,0.147180512237201,0.14484410455671,0.376405359389896,0.0889933688578469,0.0574900034608812,0.150779515878144,0.518679638746097,0.0173923737601528,0.149068833916831,NA,0.177168981988821,0,0.0736046749414469,0.106282472672244,0.161593298037021,0.510164084166079,0.276996936126283,NA,0.394028428959344,NA,0.170976487618226,0.380346544186835,0.523624478209288,0.39533203875834,0.401894505365377,0.15359946811635,0.208924600426507,NA,0.379469160392969
0.367819349734697,0.149235095937678,0.517568902415092,0.151808739538749,NA,0.367807809227477,0.156171284643837,0.510734367817054,0.281778750727536,0.511443379642119,0.138393578584648,0.172887900561493,0.157145301267281,NA,NA,0.51600526550632,0.515942049889323,NA,0.382459941751663,0.168808054211597,NA,0.395459169252992,NA,0.369654542439005,0.376100754842197,0.51495297255824,0.518534895024564,0.389091378729908,0.177560716550696,0.0344102210409742,NA,0.378615707047351,NA,0.164260317057773,0.167603391202356,0.381660008758896,0.0170420252235428,0.0162639255949225,0.144213430568751,0.515345883416564,0.0562128560568861,0.176876190560246,NA,0.143559757158844,0.0736046749414469,0,0.0329237976392669,0.172486849046133,0.516243337021941,0.286469062648362,NA,0.378147495379815,NA,0.142191559434254,0.366658017283418,0.511863863462936,0.37641426224653,0.380451670781555,0.138283762901002,0.162920609274196,NA,0.386824807724674
0.373599968432376,0.165431257872554,0.517442845515001,0.148881379635939,NA,0.37475290362223,0.175010895596525,0.514693469720323,0.294869089055164,0.513392247349195,0.144867238773982,0.161251450639887,0.151325270987537,NA,NA,0.523633864584331,0.525670143623747,NA,0.392863253168201,0.184463687144706,NA,0.408788419938652,NA,0.374256579868586,0.384494329891323,0.515841581740117,0.527128834036209,0.387112317565116,0.190050763783879,0.0668576899632414,NA,0.388146855904368,NA,0.185032039271005,0.190031954558513,0.393115660012063,0.0178362898905379,0.0488009335413057,0.157463432489838,0.52202462948344,0.0889054617479845,0.200488399471965,NA,0.143740163390166,0.106282472672244,0.0329237976392669,0,0.182449493399513,0.526946983538873,0.300966515371371,NA,0.380358878978913,NA,0.145130708207648,0.370026647167211,0.514798935648067,0.377215843410556,0.379996892026867,0.148184983162746,0.154364078784576,NA,0.39908803592101
0.533131559447512,0.305567032652768,0.687916418424645,0.324279714091268,NA,0.531558223720213,0.306311144588214,0.677196660247086,0.436813198887635,0.680075857824731,0.307432292495414,0.343005829181627,0.329461825546937,NA,NA,0.677135955656231,0.673218902408438,NA,0.540284509992097,0.0332479117466382,NA,0.546800040623089,NA,0.536364774539286,0.537548475828723,0.684523068992387,0.677946770648571,0.560786020030762,0.0160565572460104,0.160348369838137,NA,0.538103438477784,NA,0.308531264591492,0.306436567188287,0.537425442482867,0.171168458896085,0.165539259358106,0.305758527806493,0.678024207291826,0.161107297890793,0.310333360800139,NA,0.315588038326947,0.161593298037021,0.172486849046133,0.182449493399513,0,0.67150703105387,0.438289307163072,NA,0.547187639787343,NA,0.313242508582245,0.534701936987945,0.679489881348032,0.546579366240213,0.551410966570356,0.304303225829927,0.334534965155403,NA,0.540777591654844
0.165559501793141,0.368502024996421,0.173255790144668,0.389766028564191,NA,0.159196177850287,0.365623779225059,0.109056670816144,0.235392639736908,0.140430360559686,0.382329073160266,0.407635290717993,0.394665771527474,NA,NA,0.0506695837133449,0.0162639255949225,NA,0.134084112559797,0.653356664268045,NA,0.125811243506823,NA,0.171663716409877,0.145107615994787,0.157199315302146,0.0350215771316231,0.220089436077774,0.669880503184061,0.515221884317778,NA,0.139307481051671,NA,0.363008369362014,0.365794828436907,0.134729039121089,0.526672181218722,0.515942049889323,0.372041351332683,0.0659967099415547,0.510771985013945,0.363642943962985,NA,0.388855319475613,0.510164084166079,0.516243337021941,0.526946983538873,0.67150703105387,0,0.233217723943153,NA,0.184347382693594,NA,0.384291491988122,0.183072919835985,0.125113216671192,0.198342998423733,0.208264854921223,0.379047389104461,0.40060053951411,NA,0.130731500278448
