"Abraham Lincoln","Adolf Hitler","Albert Einstein","Alexander the Great","Andrew Jackson","Barack Obama","Benito Mussolini","Benjamin Franklin","Bill Clinton","Bill Gates","Charlemagne","Christopher Columbus","Cleopatra","Constantine the Great","Dwight D. Eisenhower","Elizabeth I of England","Elizabeth II","Fidel Castro","Franklin D. Roosevelt","Gautama Buddha","Genghis Khan","George H. W. Bush","George W. Bush","George Washington","Harry Truman","Henry Ford","Henry VIII of England","Hillary Clinton","Jesus Christ","Joan of Arc","John Adams","John F. Kennedy","Joseph Stalin","Julius Caesar","Karl Marx","Lyndon B. Johnson","Mahatma Gandhi","Malcolm X","Mao Zedong","Margaret Thatcher","Martin Luther King Jr.","Mikhail Gorbachev","Mother Teresa","Napoleon Bonaparte","Nelson Mandela","Pope Francis","Pope John Paul II","Prophet Muhammad","Queen Victoria","Richard Nixon","Robert E. Lee","Ronald Reagan","Rosa Parks","Saddam Hussein","Theodore Roosevelt","Thomas Edison","Thomas Jefferson","Ulysses S. Grant","Vladimir Lenin","Vladimir Putin","Winston Churchill","Woodrow Wilson"
0,0.49934305106912,0.372193515515158,0.249197914276899,0.0620691760739672,0.273813277220951,0.241817455450806,0.352813414855842,NA,0.323848443816873,0.262548937684958,0.805431239873533,0.240298932517259,0.245105700562338,0.0581790011956582,0.741022755165607,0.737155106337415,0.452513822410101,0.138655533850883,NA,NA,0.0193056440967719,0.0390032910171471,0.0201844386271192,0.190378415582647,NA,NA,0.211055201415683,0.474798489573914,0.246435527959759,0.0389117696762735,0.167058089099214,0.749250327165216,0.243638897189032,0.63632355702547,0.107617459046382,0.767070955299618,0.754396460816193,0.478182674223175,NA,0.743627304550731,0.370739694027107,NA,0.245554293952289,0.778790467137475,0.460007917080922,0.487073361356853,0.448205453651677,NA,NA,0.601550692143741,NA,0.330971853712916,0.493634860223096,0.238016964268071,0.111093071133901,NA,0.087393703837797,0.455784476031737,0.494827595408599,0.3764177538026,NA
0.49934305106912,0,0.526156510061437,0.260257478317612,0.503348388659249,0.569410062785839,0.282374298202411,0.508047341698559,NA,0.486156993775804,0.24260940560353,0.42983823234379,0.271266592182762,0.256334460903455,0.49576581361488,0.241796812455297,0.237874114018639,0.0537092453554933,0.50747997539607,NA,NA,0.499236411614083,0.496302510368206,0.497487416494124,0.533670288253937,NA,NA,0.5418650732697,0.365717603282528,0.294481304607172,0.495056194904673,0.513971962762721,0.27538091255911,0.255803501167835,0.357647232235125,0.405002040016544,0.31683797772022,0.290300351350577,0.148700846248492,NA,0.26250004470955,0.134626696919627,NA,0.25446471635241,0.335939547879194,0.347543316162453,0.384860539648137,0.334273364666509,NA,NA,0.311153627934633,NA,0.412325505128354,0.0463805138686746,0.551034945897747,0.501342608021312,NA,0.494635893846986,0.0658631808189462,0.0220743638634452,0.123795133897821,NA
0.372193515515158,0.526156510061437,0,0.426888414312999,0.313565144288508,0.137711170437024,0.299602657170257,0.022448079767393,NA,0.0540621351262673,0.350108175875015,0.603304923948333,0.323846241887171,0.400763560099012,0.425911763427414,0.72759728595651,0.716472846430277,0.474397819898161,0.238974742776639,NA,NA,0.390518320973809,0.333943258806784,0.35239748635995,0.198377128000905,NA,NA,0.181874409921911,0.231686196834708,0.275688886616085,0.407543566262081,0.212627193105762,0.660359308312618,0.383747838393271,0.415857443840281,0.402006567641078,0.644186317522541,0.651070255483788,0.405621334660688,NA,0.667218883917687,0.467163129122609,NA,0.367520009139196,0.645024479644139,0.234005525720977,0.227798085932976,0.236030341899616,NA,NA,0.406328027764864,NA,0.114288627726832,0.552620513743336,0.159925383975478,0.264556551380816,NA,0.286286713320624,0.460413365427027,0.537342000183147,0.453434227100757,NA
0.249197914276899,0.260257478317612,0.426888414312999,0,0.26888589907549,0.405805884431614,0.130902752690231,0.404573962488044,NA,0.37393165730779,0.0900566479283156,0.632310970930559,0.106451567919819,0.0275881088116975,0.237187636087782,0.498651393679772,0.496389668781668,0.22108794555243,0.299815998281742,NA,NA,0.245538805476561,0.255557140652363,0.251851690332203,0.342321933207835,NA,NA,0.357524258018794,0.39266225450131,0.155329106812821,0.238547656051058,0.316907739963822,0.527806910763363,0.0455113841740557,0.495772046463502,0.147056502476041,0.557813966587116,0.538065649383624,0.286953477017364,NA,0.51813215068225,0.126168638312955,NA,0.0634927577125605,0.573372422844117,0.372408035555223,0.411406729364073,0.35662226225192,NA,NA,0.451617858674826,NA,0.326750783402437,0.247529777937194,0.376341969824206,0.2838251625716,NA,0.269173930292261,0.230957659244903,0.252002652285043,0.13746412369742,NA
0.0620691760739672,0.503348388659249,0.313565144288508,0.26888589907549,0,0.211744453960797,0.229209676668292,0.294956344356852,NA,0.267080891365354,0.261016248085988,0.778841435908985,0.234065448621843,0.25855773343891,0.120042093396729,0.744545396034523,0.739372812502571,0.453500273196636,0.0769666727092943,NA,NA,0.0813711855081846,0.0238047920498727,0.0420813247080015,0.128311343012986,NA,NA,0.148986700655605,0.434103847443001,0.227614364299945,0.100724158366583,0.105313399919339,0.740242236415552,0.252805006591599,0.603877907917411,0.145757678161199,0.752773936803342,0.743093626416274,0.463664182004284,NA,0.736589955640523,0.381675278159898,NA,0.250233546434953,0.762908883782361,0.420940319143295,0.444721439454869,0.410421037189712,NA,NA,0.57210828437206,NA,0.282381032342967,0.503352638714013,0.175954400386958,0.0496670195812295,NA,0.0274585661857488,0.45375021776059,0.501536011516778,0.383724919624458,NA
0.273813277220951,0.569410062785839,0.137711170437024,0.405805884431614,0.211744453960797,0,0.299808862929667,0.130136045452243,NA,0.121161574986147,0.350640047211555,0.720905040583331,0.319840363714008,0.384119303217977,0.331646252969599,0.79307973851128,0.783979793201055,0.515709299236282,0.136040577272521,NA,NA,0.293113202825056,0.235119209486059,0.253765045095479,0.0834393576954513,NA,NA,0.0627584950518257,0.345961884605382,0.281044525574768,0.312344591130589,0.108056099519016,0.747642387379196,0.370157722502887,0.533402090496878,0.334713946248232,0.741161313972268,0.742449440750849,0.474945150274424,NA,0.750875716765398,0.480754128402311,NA,0.357926260099277,0.745166079206746,0.342353872506736,0.347244308793841,0.33940707767737,NA,NA,0.516300770456265,NA,0.189045294211805,0.586170448321838,0.0358798479787735,0.163526268863527,NA,0.187693840225095,0.506773626579019,0.575774318133107,0.472822412508119,NA
0.241817455450806,0.282374298202411,0.299602657170257,0.130902752690231,0.229209676668292,0.299808862929667,0,0.277598919710545,NA,0.248004657946158,0.0518584287068587,0.567257413580477,0.0246099639929795,0.103565489387779,0.260510342988942,0.520190172778839,0.513934501367332,0.229975795449455,0.225134229353235,NA,NA,0.248388693068915,0.227506776570083,0.233800249653676,0.253180821640482,NA,NA,0.263341724944283,0.274767389202794,0.0244840809986955,0.251920577944496,0.23222214407179,0.511191009655651,0.0858127802990807,0.407398896668336,0.182041619562258,0.525893972116615,0.514667970584324,0.236623760436663,NA,0.507380667912119,0.180982205039088,NA,0.0685788611601972,0.53718494091378,0.255651994312675,0.292072545086959,0.240689337308688,NA,NA,0.368344347358358,NA,0.19611035465763,0.291393023361037,0.276077460726525,0.220241279030883,NA,0.216166086184739,0.2272694859356,0.284500201819595,0.174212577483088,NA
0.352813414855842,0.508047341698559,0.022448079767393,0.404573962488044,0.294956344356852,0.130136045452243,0.277598919710545,0,NA,0.0317463788562803,0.328280676117145,0.599650230857888,0.301779694047938,0.37850905485512,0.405892564556399,0.712743457685618,0.701902462785441,0.455926304803627,0.221412394121504,NA,NA,0.370947365497071,0.314842123336898,0.333155806109941,0.183451565715367,NA,NA,0.168202399091322,0.225640443478115,0.253777221628923,0.387681970961113,0.195830170007525,0.64909470087126,0.361539943111238,0.411832321949242,0.380270211229666,0.634935064434963,0.640616439612733,0.390453187968746,NA,0.655273063784303,0.446349170387279,NA,0.345389089958473,0.63651030281254,0.226036186033222,0.223666105867392,0.226630601810647,NA,NA,0.39983902340216,NA,0.0957369922170309,0.533598128692453,0.148167593955682,0.246371860246169,NA,0.267568155325196,0.442439217416496,0.518758433212191,0.432977156812291,NA
NA,NA,NA,NA,NA,NA,NA,NA,0,NA,NA,NA,NA,NA,NA,NA,NA,NA,NA,NA,NA,NA,NA,NA,NA,NA,NA,NA,NA,NA,NA,NA,NA,NA,NA,NA,NA,NA,NA,NA,NA,NA,NA,NA,NA,NA,NA,NA,NA,NA,NA,NA,NA,NA,NA,NA,NA,NA,NA,NA,NA,NA
0.323848443816873,0.486156993775804,0.0540621351262673,0.37393165730779,0.267080891365354,0.121161574986147,0.248004657946158,0.0317463788562803,NA,0,0.299101620483645,0.600388650293783,0.271978047491661,0.348082521059009,0.376111998346745,0.696140799683459,0.685777866826117,0.433470410037719,0.195272246429982,NA,NA,0.341727735453096,0.286286713320624,0.304391263842585,0.161588815367502,NA,NA,0.148528109329681,0.225235563195025,0.224477621036392,0.35809954645193,0.171005358114685,0.638334541429634,0.331271198137127,0.412685646261846,0.348764044586023,0.627312192896978,0.631133630962758,0.374026359836467,NA,0.64343203553472,0.419353401912339,NA,0.315364129841776,0.630004649927334,0.222714000054959,0.226092964515549,0.221066442080556,NA,NA,0.397145277074987,NA,0.0771486673801522,0.510001588182075,0.131985949639779,0.219228769556906,NA,0.239625353245485,0.420920554897467,0.495990146820566,0.406735558900949,NA
0.262548937684958,0.24260940560353,0.350108175875015,0.0900566479283156,0.261016248085988,0.350640047211555,0.0518584287068587,0.328280676117145,NA,0.299101620483645,0,0.564060023437989,0.0311797709475536,0.0630758407776857,0.270398595840405,0.483532672481032,0.478411774491427,0.192513938719965,0.268072267887194,NA,NA,0.265573462953617,0.255203453942299,0.25813450150838,0.300382320754494,NA,NA,0.311797709475536,0.302936109491132,0.0746304303223798,0.265291378521371,0.278055785658149,0.487082633446503,0.0460926249447173,0.41570137284388,0.183473591123334,0.507811484189872,0.493147318549827,0.222627534258465,NA,0.481107017595172,0.131214702720584,NA,0.0290895005978291,0.520917571657656,0.282798235880558,0.321538462686263,0.267095130648357,NA,NA,0.373467967893721,NA,0.243884626800079,0.246475070833551,0.325856244671756,0.259706167059852,NA,0.252101671939118,0.193790089669501,0.242076817228109,0.127084684136389,NA
0.805431239873533,0.42983823234379,0.603304923948333,0.632310970930559,0.778841435908985,0.720905040583331,0.567257413580477,0.599650230857888,NA,0.600388650293783,0.564060023437989,0,0.575475352287975,0.614205865545974,0.827753827670642,0.382364685992746,0.366377352406224,0.435243459224046,0.741120262211669,NA,NA,0.814110492602921,0.78415198731727,0.794333047391575,0.736275903199387,NA,NA,0.731943611907831,0.375164727014222,0.559388393149862,0.818913547748023,0.730695520008491,0.232209860868647,0.603179621982317,0.187864727066855,0.745898107847111,0.165996123293186,0.20401601499796,0.345363625663779,NA,0.256171205890915,0.533252340071633,NA,0.590816584877369,0.145108820656563,0.378917022415949,0.375998856385437,0.383524786802123,NA,NA,0.208454483635615,NA,0.534676832209925,0.473617044727158,0.724431009494706,0.750945039955689,NA,0.757841886097835,0.416865634400699,0.450999533501413,0.512327565472834,NA
0.240298932517259,0.271266592182762,0.323846241887171,0.106451567919819,0.234065448621843,0.319840363714008,0.0246099639929795,0.301779694047938,NA,0.271978047491661,0.0311797709475536,0.575475352287975,0,0.0790358169827355,0.253544830005775,0.511259822864666,0.505683816320492,0.220127928153964,0.237632171814858,NA,NA,0.245016465401281,0.229864142655268,0.234241066381277,0.269257807793138,NA,NA,0.280617938527983,0.294784644149907,0.0490893645044518,0.246620649669518,0.247079961089066,0.509286601930116,0.0612364090273489,0.420288739406704,0.170643577072887,0.527075941449235,0.514105136727965,0.239044358175832,NA,0.504328257238583,0.162394383696638,NA,0.0439815073129985,0.539274715803274,0.275270406570488,0.312557600404589,0.260003453522345,NA,NA,0.37983741493576,NA,0.220715640104654,0.276858124158776,0.294766904157683,0.230156599338248,NA,0.223641661774543,0.219690169786852,0.271684240181149,0.157879039761797,NA
0.245105700562338,0.256334460903455,0.400763560099012,0.0275881088116975,0.25855773343891,0.384119303217977,0.103565489387779,0.37850905485512,NA,0.348082521059009,0.0630758407776857,0.614205865545974,0.0790358169827355,0,0.239629321012498,0.497122248074299,0.493973735844035,0.213243382149457,0.283267694502414,NA,NA,0.243580353600557,0.247283825651463,0.245560101878824,0.323507700587847,NA,NA,0.337869174272749,0.366000220197686,0.128031310407982,0.238757810493773,0.298694456430506,0.518428881006548,0.0179266695184311,0.473380100649929,0.148898926700419,0.545573128642685,0.527393330002224,0.269182760733674,NA,0.50988552358395,0.125634347029145,NA,0.0359129566394851,0.560378434826251,0.3458368171903,0.384614031572181,0.330109636449124,NA,NA,0.429866986876143,NA,0.299591549756284,0.248529325381548,0.355637784366107,0.269129773739151,NA,0.256238004604283,0.220713486224479,0.250330417286934,0.132560991899319,NA
0.0581790011956582,0.49576581361488,0.425911763427414,0.237187636087782,0.120042093396729,0.331646252969599,0.260510342988942,0.405892564556399,NA,0.376111998346745,0.270398595840405,0.827753827670642,0.253544830005775,0.239629321012498,0,0.735619284839919,0.733003143410569,0.452505417855576,0.19601942952115,NA,NA,0.0390032910171471,0.0965282204838598,0.0779608616540644,0.248215424101354,NA,NA,0.268900042776467,0.512034726884598,0.270113630516044,0.0193179524461873,0.224389716231021,0.755528329665624,0.242449653894626,0.664947847409116,0.090766490903885,0.778168501501854,0.762781442702155,0.492081914586249,NA,0.748101652109691,0.362959233141143,NA,0.248540802057268,0.791296539036222,0.495956119893514,0.525666574331545,0.483155481329696,NA,NA,0.627681902442485,NA,0.376397546233624,0.48470956428681,0.295802904346501,0.168405770720703,NA,0.144381338325022,0.458546371406867,0.488753121165144,0.371986539742539,NA
0.741022755165607,0.241796812455297,0.72759728595651,0.498651393679772,0.744545396034523,0.79307973851128,0.520190172778839,0.712743457685618,NA,0.696140799683459,0.483532672481032,0.382364685992746,0.511259822864666,0.497122248074299,0.735619284839919,0,0.0162286033887048,0.291159632753262,0.744649145162225,NA,NA,0.740555569738085,0.737967879547631,0.739283756134266,0.766606931588505,NA,NA,0.772740245501051,0.523976317910674,0.529443636808849,0.735765645522694,0.748772402882184,0.150314554477516,0.497395671641187,0.423713921902642,0.645024848151538,0.217206006171136,0.178582532041944,0.322329961351022,NA,0.1262232612583,0.372660704212268,NA,0.496250782753856,0.239419931552459,0.511494090295734,0.539003132818349,0.503086232573693,NA,NA,0.391638491216984,NA,0.619169183140876,0.252115814429257,0.778867071635084,0.74036456776412,NA,0.734889308305871,0.293084007636673,0.246914437859764,0.364780481702545,NA
0.737155106337415,0.237874114018639,0.716472846430277,0.496389668781668,0.739372812502571,0.783979793201055,0.513934501367332,0.701902462785441,NA,0.685777866826117,0.478411774491427,0.366377352406224,0.505683816320492,0.493973735844035,0.733003143410569,0.0162286033887048,0,0.285898712523833,0.737910222145487,NA,NA,0.737100932587961,0.733275485841573,0.734988599250297,0.758927901783696,NA,NA,0.764693937210846,0.510934273238995,0.522539486117338,0.732729077763225,0.741479388054214,0.134465931691986,0.493673380531328,0.408191033360211,0.642303207505854,0.201425896678927,0.162732146716548,0.311761877361971,NA,0.110317966267268,0.370236698388101,NA,0.49195679073257,0.223738359739618,0.498773884990298,0.525717216147919,0.490646150564934,NA,NA,0.376590105540335,NA,0.608720443694771,0.251122023609758,0.770343694095791,0.734175765406644,NA,0.729185536683841,0.286665068163396,0.244387016500321,0.36143933844896,NA
0.452513822410101,0.0537092453554933,0.474397819898161,0.22108794555243,0.453500273196636,0.515709299236282,0.229975795449455,0.455926304803627,NA,0.433470410037719,0.192513938719965,0.435243459224046,0.220127928153964,0.213243382149457,0.452505417855576,0.291159632753262,0.285898712523833,0,0.45507466913651,NA,NA,0.453512852314849,0.447476719479236,0.449588539080769,0.480390094540392,NA,NA,0.488369254346615,0.324218155713806,0.241289029732036,0.450534968931907,0.460978847114566,0.306817970132292,0.210384028326933,0.339970374472018,0.361944709011728,0.33995918760212,0.317955327156119,0.117457959215459,NA,0.297118625596762,0.101738516474978,NA,0.206961069396337,0.357025279959898,0.305137661291704,0.343866189574268,0.291029799680768,NA,NA,0.292644918065922,NA,0.360301147312816,0.0811166485020165,0.49736890953794,0.449685808908414,NA,0.443769574282084,0.0221603402896074,0.0630456861968884,0.0845149433352585,NA
0.138655533850883,0.50747997539607,0.238974742776639,0.299815998281742,0.0769666727092943,0.136040577272521,0.225134229353235,0.221412394121504,NA,0.195272246429982,0.268072267887194,0.741120262211669,0.237632171814858,0.283267694502414,0.19601942952115,0.744649145162225,0.737910222145487,0.45507466913651,0,NA,NA,0.157868500490293,0.099689943584577,0.118483530832439,0.05316210804567,NA,NA,0.0736332397330452,0.381998359657625,0.215417060061448,0.176772493328979,0.0284031943469588,0.724809882735704,0.273092676972488,0.560286382127623,0.203795694633629,0.730620371493784,0.724769544618527,0.445462151496763,NA,0.723650660897575,0.397480900698347,NA,0.265542135036813,0.738686769336023,0.371269538891015,0.390224223148067,0.36270570431001,NA,NA,0.532734574851036,NA,0.222500443316625,0.514468415249677,0.100168052736407,0.0276139444116889,NA,0.0517115466877821,0.451573645472578,0.509020032671901,0.39511893131185,NA
NA,NA,NA,NA,NA,NA,NA,NA,NA,NA,NA,NA,NA,NA,NA,NA,NA,NA,NA,0,NA,NA,NA,NA,NA,NA,NA,NA,NA,NA,NA,NA,NA,NA,NA,NA,NA,NA,NA,NA,NA,NA,NA,NA,NA,NA,NA,NA,NA,NA,NA,NA,NA,NA,NA,NA,NA,NA,NA,NA,NA,NA
NA,NA,NA,NA,NA,NA,NA,NA,NA,NA,NA,NA,NA,NA,NA,NA,NA,NA,NA,NA,0,NA,NA,NA,NA,NA,NA,NA,NA,NA,NA,NA,NA,NA,NA,NA,NA,NA,NA,NA,NA,NA,NA,NA,NA,NA,NA,NA,NA,NA,NA,NA,NA,NA,NA,NA,NA,NA,NA,NA,NA,NA
0.0193056440967719,0.499236411614083,0.390518320973809,0.245538805476561,0.0813711855081846,0.293113202825056,0.248388693068915,0.370947365497071,NA,0.341727735453096,0.265573462953617,0.814110492602921,0.245016465401281,0.243580353600557,0.0390032910171471,0.740555569738085,0.737100932587961,0.453512852314849,0.157868500490293,NA,NA,0,0.0581790011956582,0.039397426782641,0.20967670095617,NA,NA,0.230354803773564,0.488069833186895,0.254722398425353,0.0198998024453932,0.186271342945196,0.752653622394358,0.243529604439854,0.646945229017615,0.100319808229516,0.77206969003837,0.758496502515146,0.48382802356057,NA,0.746432328402631,0.368976209393429,NA,0.246851856579362,0.784257770936047,0.47285006119245,0.500790428711739,0.460712187216528,NA,NA,0.611340039455521,NA,0.346724367349296,0.49174366875184,0.257311815820845,0.130283909737252,NA,0.106480591743157,0.457707920066684,0.493885188523484,0.375780693375926,NA
0.0390032910171471,0.496302510368206,0.333943258806784,0.255557140652363,0.0238047920498727,0.235119209486059,0.227506776570083,0.314842123336898,NA,0.286286713320624,0.255203453942299,0.78415198731727,0.229864142655268,0.247283825651463,0.0965282204838598,0.737967879547631,0.733275485841573,0.447476719479236,0.099689943584577,NA,NA,0.0581790011956582,0,0.0188193405260665,0.151687203617494,NA,NA,0.172371822292607,0.445294037360391,0.228464919181832,0.0772256543940001,0.12809256186293,0.738421251181533,0.24299805472041,0.611558124104716,0.125800730176614,0.753045441969647,0.742173098510196,0.463670333735473,NA,0.734001238305026,0.371835707090178,NA,0.242028699116276,0.763820603835647,0.43136178539244,0.456697248338922,0.420239533248918,NA,NA,0.578461344896528,NA,0.297149824150484,0.494227740076263,0.199280911809598,0.0721066584978252,NA,0.0484116320640297,0.448864698132057,0.493496162217661,0.375193236970155,NA
0.0201844386271192,0.497487416494124,0.35239748635995,0.251851690332203,0.0420813247080015,0.253765045095479,0.233800249653676,0.333155806109941,NA,0.304391263842585,0.25813450150838,0.794333047391575,0.234241066381277,0.245560101878824,0.0779608616540644,0.739283756134266,0.734988599250297,0.449588539080769,0.118483530832439,NA,NA,0.039397426782641,0.0188193405260665,0,0.170325690533257,NA,NA,0.191007891052523,0.459416923824063,0.236590608527396,0.0586429104873227,0.146886686546751,0.743504231242461,0.242623121704023,0.623400991536411,0.115835916607959,0.759686093908735,0.747934506034796,0.470415303885908,NA,0.738498824536969,0.370892895035553,NA,0.243052826748284,0.77092356647749,0.445053230064818,0.471256365903743,0.433588290678476,NA,NA,0.589471309967601,NA,0.313367232192917,0.493654602256552,0.217947793691527,0.0909130236183627,NA,0.0672205907584997,0.451892515179087,0.493851979185125,0.375376282634878,NA
0.190378415582647,0.533670288253937,0.198377128000905,0.342321933207835,0.128311343012986,0.0834393576954513,0.253180821640482,0.183451565715367,NA,0.161588815367502,0.300382320754494,0.736275903199387,0.269257807793138,0.323507700587847,0.248215424101354,0.766606931588505,0.758927901783696,0.480390094540392,0.05316210804567,NA,NA,0.20967670095617,0.151687203617494,0.170325690533257,0,NA,NA,0.0206846186751128,0.368150703400491,0.239199428177235,0.228910818386698,0.0268280558557336,0.7367196689547,0.311636813887359,0.551867710904794,0.255733800573131,0.737751721602609,0.734666420817553,0.458224869734075,NA,0.737271179539265,0.431465367936612,NA,0.302008025769227,0.744263763981201,0.359994909036165,0.373837566616981,0.353462281277902,NA,NA,0.528183266835571,NA,0.205111749328081,0.544567955789656,0.0476544964578168,0.0803393240300839,NA,0.104497707260383,0.474684333174238,0.537131840070862,0.426832729535206,NA
NA,NA,NA,NA,NA,NA,NA,NA,NA,NA,NA,NA,NA,NA,NA,NA,NA,NA,NA,NA,NA,NA,NA,NA,NA,0,NA,NA,NA,NA,NA,NA,NA,NA,NA,NA,NA,NA,NA,NA,NA,NA,NA,NA,NA,NA,NA,NA,NA,NA,NA,NA,NA,NA,NA,NA,NA,NA,NA,NA,NA,NA
NA,NA,NA,NA,NA,NA,NA,NA,NA,NA,NA,NA,NA,NA,NA,NA,NA,NA,NA,NA,NA,NA,NA,NA,NA,NA,0,NA,NA,NA,NA,NA,NA,NA,NA,NA,NA,NA,NA,NA,NA,NA,NA,NA,NA,NA,NA,NA,NA,NA,NA,NA,NA,NA,NA,NA,NA,NA,NA,NA,NA,NA
0.211055201415683,0.5418650732697,0.181874409921911,0.357524258018794,0.148986700655605,0.0627584950518257,0.263341724944283,0.168202399091322,NA,0.148528109329681,0.311797709475536,0.731943611907831,0.280617938527983,0.337869174272749,0.268900042776467,0.772740245501051,0.764693937210846,0.488369254346615,0.0736332397330452,NA,NA,0.230354803773564,0.172371822292607,0.191007891052523,0.0206846186751128,NA,NA,0,0.361307786843899,0.247924136328735,0.249595351008388,0.046324105461208,0.738903940495239,0.325383216696514,0.546492079295717,0.27518231533993,0.738060959366273,0.736062800605764,0.461357682430553,NA,0.740128556096802,0.443012082388752,NA,0.314998363361979,0.743957104517737,0.354203921281494,0.365972293073823,0.348504963467766,NA,NA,0.524362223026782,NA,0.19832439999688,0.554301898532104,0.0270310675631337,0.1009504521038,NA,0.125118672999178,0.48181152725263,0.546084814974041,0.437492045588752,NA
0.474798489573914,0.365717603282528,0.231686196834708,0.39266225450131,0.434103847443001,0.345961884605382,0.274767389202794,0.225640443478115,NA,0.225235563195025,0.302936109491132,0.375164727014222,0.294784644149907,0.366000220197686,0.512034726884598,0.523976317910674,0.510934273238995,0.324218155713806,0.381998359657625,NA,NA,0.488069833186895,0.445294037360391,0.459416923824063,0.368150703400491,NA,NA,0.361307786843899,0,0.255219287242073,0.498382474534982,0.366758633540764,0.437250746808847,0.348883293555795,0.18746448083777,0.448851988748916,0.415138916916533,0.4251593539244,0.219962655164239,NA,0.446930851643158,0.365213548477083,NA,0.33119584912768,0.414657105400945,0.0207305335344399,0.0201018360763003,0.0367050810371367,NA,NA,0.174641835940613,NA,0.163118762398097,0.404462905467031,0.351345024914326,0.397147072608038,NA,0.409347041575812,0.304078747062196,0.383212296462108,0.344362837279797,NA
0.246435527959759,0.294481304607172,0.275688886616085,0.155329106812821,0.227614364299945,0.281044525574768,0.0244840809986955,0.253777221628923,NA,0.224477621036392,0.0746304303223798,0.559388393149862,0.0490893645044518,0.128031310407982,0.270113630516044,0.529443636808849,0.522539486117338,0.241289029732036,0.215417060061448,NA,NA,0.254722398425353,0.228464919181832,0.236590608527396,0.239199428177235,NA,NA,0.247924136328735,0.255219287242073,0,0.260042761350108,0.219783198800686,0.513578713239291,0.110294262595137,0.395081029840129,0.196340509882978,0.525183423141328,0.515718517384451,0.236067600123272,NA,0.510910546516161,0.200380000715455,NA,0.0930373617470824,0.535543911827259,0.236610701148114,0.271963189864186,0.222050235172502,NA,NA,0.357604029896924,NA,0.171626945563204,0.306620354268937,0.258961916734323,0.213412744990247,NA,0.211996880037396,0.236506200880065,0.298178342302902,0.191777886973258,NA
0.0389117696762735,0.495056194904673,0.407543566262081,0.238547656051058,0.100724158366583,0.312344591130589,0.251920577944496,0.387681970961113,NA,0.35809954645193,0.265291378521371,0.818913547748023,0.246620649669518,0.238757810493773,0.0193179524461873,0.735765645522694,0.732729077763225,0.450534968931907,0.176772493328979,NA,NA,0.0198998024453932,0.0772256543940001,0.0586429104873227,0.228910818386698,NA,NA,0.249595351008388,0.498382474534982,0.260042761350108,0,0.20515346414432,0.751819734983182,0.240151501043335,0.654038207961883,0.0915980684801811,0.772903257309507,0.758389006133454,0.485643836192559,NA,0.744979769021112,0.363391853942271,NA,0.244896140476362,0.785582646468219,0.48267459064012,0.511620940365567,0.470160568527625,NA,NA,0.617522384153483,NA,0.360238468859654,0.485782818927196,0.27650589486795,0.149158906493079,NA,0.125169956205822,0.455671294214225,0.488870313165623,0.371313071697507,NA
0.167058089099214,0.513971962762721,0.212627193105762,0.316907739963822,0.105313399919339,0.108056099519016,0.23222214407179,0.195830170007525,NA,0.171005358114685,0.278055785658149,0.730695520008491,0.247079961089066,0.298694456430506,0.224389716231021,0.748772402882184,0.741479388054214,0.460978847114566,0.0284031943469588,NA,NA,0.186271342945196,0.12809256186293,0.146886686546751,0.0268280558557336,NA,NA,0.046324105461208,0.366758633540764,0.219783198800686,0.20515346414432,0,0.72319887584595,0.287304480449666,0.547937678674803,0.229030200928807,0.726408481912451,0.722052539908924,0.444045338124717,NA,0.722989151694724,0.408777586933751,NA,0.278301873946055,0.733648171650697,0.357221627821457,0.373824849842365,0.349613570836384,NA,NA,0.522270123652876,NA,0.204995830299625,0.5233844376955,0.0722647151130793,0.0560014802175467,NA,0.0800280622644858,0.456145218494176,0.516692868320064,0.404940410655395,NA
0.749250327165216,0.27538091255911,0.660359308312618,0.527806910763363,0.740242236415552,0.747642387379196,0.511191009655651,0.64909470087126,NA,0.638334541429634,0.487082633446503,0.232209860868647,0.509286601930116,0.518428881006548,0.755528329665624,0.150314554477516,0.134465931691986,0.306817970132292,0.724809882735704,NA,NA,0.752653622394358,0.738421251181533,0.743504231242461,0.7367196689547,NA,NA,0.738903940495239,0.437250746808847,0.513578713239291,0.751819734983182,0.72319887584595,0,0.513469938168607,0.300085431754247,0.665806998514024,0.067008090993596,0.0282689788559875,0.27936490074118,NA,0.0242205412585813,0.406461382775638,NA,0.507080285000504,0.0895431384754334,0.429508523689769,0.448491739893776,0.425098410280164,NA,NA,0.27846410479459,NA,0.562101314543135,0.307549204060622,0.739871265815664,0.726136182716236,NA,0.725571949698875,0.297715629485233,0.291111462457975,0.391145962915677,NA
0.243638897189032,0.255803501167835,0.383747838393271,0.0455113841740557,0.252805006591599,0.370157722502887,0.0858127802990807,0.361539943111238,NA,0.331271198137127,0.0460926249447173,0.603179621982317,0.0612364090273489,0.0179266695184311,0.242449653894626,0.497395671641187,0.493673380531328,0.210384028326933,0.273092676972488,NA,NA,0.243529604439854,0.24299805472041,0.242623121704023,0.311636813887359,NA,NA,0.325383216696514,0.348883293555795,0.110294262595137,0.240151501043335,0.287304480449666,0.513469938168607,0,0.459413819491353,0.152345489192252,0.538641838839814,0.521548712958681,0.258931624872071,NA,0.505698857676739,0.128935966610592,NA,0.0180456092864828,0.552917650813212,0.328797974610715,0.367388693885813,0.31312289241732,NA,NA,0.416400662914849,NA,0.281906724511201,0.251249773650286,0.342392751110163,0.260304966225738,NA,0.248698552642327,0.216129796318334,0.251315988846422,0.132840422454733,NA
0.63632355702547,0.357647232235125,0.415857443840281,0.495772046463502,0.603877907917411,0.533402090496878,0.407398896668336,0.411832321949242,NA,0.412685646261846,0.41570137284388,0.187864727066855,0.420288739406704,0.473380100649929,0.664947847409116,0.423713921902642,0.408191033360211,0.339970374472018,0.560286382127623,NA,NA,0.646945229017615,0.611558124104716,0.623400991536411,0.551867710904794,NA,NA,0.546492079295717,0.18746448083777,0.395081029840129,0.654038207961883,0.547937678674803,0.300085431754247,0.459413819491353,0,0.589422919598728,0.258286392727333,0.279957311912572,0.225499239706617,NA,0.316930990632594,0.421529996174499,NA,0.444377098642459,0.251053863674473,0.19235088968388,0.188241394775534,0.198459786888176,NA,NA,0.0473542761462195,NA,0.348426519367638,0.403853605950121,0.537903498703693,0.572236236187027,NA,0.581244327910963,0.318092104484011,0.379487440178885,0.398905193566703,NA
0.107617459046382,0.405002040016544,0.402006567641078,0.147056502476041,0.145757678161199,0.334713946248232,0.182041619562258,0.380270211229666,NA,0.348764044586023,0.183473591123334,0.745898107847111,0.170643577072887,0.148898926700419,0.090766490903885,0.645024848151538,0.642303207505854,0.361944709011728,0.203795694633629,NA,NA,0.100319808229516,0.125800730176614,0.115835916607959,0.255733800573131,NA,NA,0.27518231533993,0.448851988748916,0.196340509882978,0.0915980684801811,0.229030200928807,0.665806998514024,0.152345489192252,0.589422919598728,0,0.689982507944219,0.673650252751478,0.406098648360578,NA,0.657980433059041,0.272403330693578,NA,0.159702284051966,0.703678445347808,0.431139108916479,0.464358811916642,0.417139809948108,NA,NA,0.549936894478513,NA,0.331233166969954,0.394488572332787,0.299895268548655,0.179480044101106,NA,0.157740467432076,0.368426937803496,0.398123239206206,0.281220388737565,NA
0.767070955299618,0.31683797772022,0.644186317522541,0.557813966587116,0.752773936803342,0.741161313972268,0.525893972116615,0.634935064434963,NA,0.627312192896978,0.507811484189872,0.165996123293186,0.527075941449235,0.545573128642685,0.778168501501854,0.217206006171136,0.201425896678927,0.33995918760212,0.730620371493784,NA,NA,0.77206969003837,0.753045441969647,0.759686093908735,0.737751721602609,NA,NA,0.738060959366273,0.415138916916533,0.525183423141328,0.772903257309507,0.726408481912451,0.067008090993596,0.538641838839814,0.258286392727333,0.689982507944219,0,0.0388322767032052,0.289376098523455,NA,0.0912236241186589,0.441584178475924,NA,0.530282069803103,0.0229196194935689,0.410375281593381,0.423839002678031,0.408383734625456,NA,NA,0.245760391292368,NA,0.552872510028305,0.353976354744852,0.736576402185264,0.734459647582875,NA,0.736089926180383,0.327263237047893,0.33496595383613,0.424098021250558,NA
0.754396460816193,0.290300351350577,0.651070255483788,0.538065649383624,0.743093626416274,0.742449440750849,0.514667970584324,0.640616439612733,NA,0.631133630962758,0.493147318549827,0.20401601499796,0.514105136727965,0.527393330002224,0.762781442702155,0.178582532041944,0.162732146716548,0.317955327156119,0.724769544618527,NA,NA,0.758496502515146,0.742173098510196,0.747934506034796,0.734666420817553,NA,NA,0.736062800605764,0.4251593539244,0.515718517384451,0.758389006133454,0.722052539908924,0.0282689788559875,0.521548712958681,0.279957311912572,0.673650252751478,0.0388322767032052,0,0.279957311912572,NA,0.0524418429915566,0.418813445133006,NA,0.514274791078686,0.0615500170677549,0.418592043238551,0.435415453911228,0.415146932828292,NA,NA,0.261610231474812,NA,0.555526545277799,0.324959974953492,0.736001764407638,0.72716887355884,NA,0.727543707363952,0.307157107696216,0.307236031197419,0.402468088352836,NA
0.478182674223175,0.148700846248492,0.405621334660688,0.286953477017364,0.463664182004284,0.474945150274424,0.236623760436663,0.390453187968746,NA,0.374026359836467,0.222627534258465,0.345363625663779,0.239044358175832,0.269182760733674,0.492081914586249,0.322329961351022,0.311761877361971,0.117457959215459,0.445462151496763,NA,NA,0.48382802356057,0.463670333735473,0.470415303885908,0.458224869734075,NA,NA,0.461357682430553,0.219962655164239,0.236067600123272,0.485643836192559,0.444045338124717,0.27936490074118,0.258931624872071,0.225499239706617,0.406098648360578,0.289376098523455,0.279957311912572,0,NA,0.279061835364715,0.197075200357731,NA,0.247756298906832,0.300610923152324,0.203088829221199,0.238441014060517,0.191267800539493,NA,NA,0.178262801776617,NA,0.296958581509481,0.191339865948231,0.464086923613769,0.447266317710171,NA,0.447657819538625,0.0953089929156336,0.16821511702155,0.174656806854612,NA
NA,NA,NA,NA,NA,NA,NA,NA,NA,NA,NA,NA,NA,NA,NA,NA,NA,NA,NA,NA,NA,NA,NA,NA,NA,NA,NA,NA,NA,NA,NA,NA,NA,NA,NA,NA,NA,NA,NA,0,NA,NA,NA,NA,NA,NA,NA,NA,NA,NA,NA,NA,NA,NA,NA,NA,NA,NA,NA,NA,NA,NA
0.743627304550731,0.26250004470955,0.667218883917687,0.51813215068225,0.736589955640523,0.750875716765398,0.507380667912119,0.655273063784303,NA,0.64343203553472,0.481107017595172,0.256171205890915,0.504328257238583,0.50988552358395,0.748101652109691,0.1262232612583,0.110317966267268,0.297118625596762,0.723650660897575,NA,NA,0.746432328402631,0.734001238305026,0.738498824536969,0.737271179539265,NA,NA,0.740128556096802,0.446930851643158,0.510910546516161,0.744979769021112,0.722989151694724,0.0242205412585813,0.505698857676739,0.316930990632594,0.657980433059041,0.0912236241186589,0.0524418429915566,0.279061835364715,NA,0,0.395275912979076,NA,0.500084137432674,0.113754955456318,0.438215144716654,0.458977452033374,0.433000762364569,NA,NA,0.292721258171783,NA,0.566790844282533,0.292275117622649,0.741977066900592,0.724056533995653,NA,0.722689252241832,0.289569065485782,0.277061525636117,0.380907251342135,NA
0.370739694027107,0.134626696919627,0.467163129122609,0.126168638312955,0.381675278159898,0.480754128402311,0.180982205039088,0.446349170387279,NA,0.419353401912339,0.131214702720584,0.533252340071633,0.162394383696638,0.125634347029145,0.362959233141143,0.372660704212268,0.370236698388101,0.101738516474978,0.397480900698347,NA,NA,0.368976209393429,0.371835707090178,0.370892895035553,0.431465367936612,NA,NA,0.443012082388752,0.365213548477083,0.200380000715455,0.363391853942271,0.408777586933751,0.406461382775638,0.128935966610592,0.421529996174499,0.272403330693578,0.441584178475924,0.418813445133006,0.197075200357731,NA,0.395275912979076,0,NA,0.132648825161423,0.458759889846354,0.344634688375723,0.385289544265083,0.328936746975339,NA,NA,0.374615011586221,NA,0.354935305810524,0.122895186136965,0.456807053912994,0.3869455250316,NA,0.376710641740805,0.117111400075359,0.125857401429662,0.0226798352094024,NA
NA,NA,NA,NA,NA,NA,NA,NA,NA,NA,NA,NA,NA,NA,NA,NA,NA,NA,NA,NA,NA,NA,NA,NA,NA,NA,NA,NA,NA,NA,NA,NA,NA,NA,NA,NA,NA,NA,NA,NA,NA,NA,0,NA,NA,NA,NA,NA,NA,NA,NA,NA,NA,NA,NA,NA,NA,NA,NA,NA,NA,NA
0.245554293952289,0.25446471635241,0.367520009139196,0.0634927577125605,0.250233546434953,0.357926260099277,0.0685788611601972,0.345389089958473,NA,0.315364129841776,0.0290895005978291,0.590816584877369,0.0439815073129985,0.0359129566394851,0.248540802057268,0.496250782753856,0.49195679073257,0.206961069396337,0.265542135036813,NA,NA,0.246851856579362,0.242028699116276,0.243052826748284,0.302008025769227,NA,NA,0.314998363361979,0.33119584912768,0.0930373617470824,0.244896140476362,0.278301873946055,0.507080285000504,0.0180456092864828,0.444377098642459,0.159702284051966,0.530282069803103,0.514274791078686,0.247756298906832,NA,0.500084137432674,0.132648825161423,NA,0,0.544026880669013,0.311169669833107,0.349624448796874,0.29553600091384,NA,NA,0.401852215280863,NA,0.26463470680415,0.253203352805361,0.331069511372379,0.254334842835119,NA,0.244208961682031,0.210912121910832,0.251526815323625,0.133491933020147,NA
0.778790467137475,0.335939547879194,0.645024479644139,0.573372422844117,0.762908883782361,0.745166079206746,0.53718494091378,0.63651030281254,NA,0.630004649927334,0.520917571657656,0.145108820656563,0.539274715803274,0.560378434826251,0.791296539036222,0.239419931552459,0.223738359739618,0.357025279959898,0.738686769336023,NA,NA,0.784257770936047,0.763820603835647,0.77092356647749,0.744263763981201,NA,NA,0.743957104517737,0.414657105400945,0.535543911827259,0.785582646468219,0.733648171650697,0.0895431384754334,0.552917650813212,0.251053863674473,0.703678445347808,0.0229196194935689,0.0615500170677549,0.300610923152324,NA,0.113754955456318,0.458759889846354,NA,0.544026880669013,0,0.411020601220664,0.422354160897052,0.409918024591803,NA,NA,0.242662306290619,NA,0.556399154432985,0.374015556061837,0.741661770194492,0.743314946294007,NA,0.745628781928294,0.343506553237233,0.354517843902178,0.44077871382472,NA
0.460007917080922,0.347543316162453,0.234005525720977,0.372408035555223,0.420940319143295,0.342353872506736,0.255651994312675,0.226036186033222,NA,0.222714000054959,0.282798235880558,0.378917022415949,0.275270406570488,0.3458368171903,0.495956119893514,0.511494090295734,0.498773884990298,0.305137661291704,0.371269538891015,NA,NA,0.47285006119245,0.43136178539244,0.445053230064818,0.359994909036165,NA,NA,0.354203921281494,0.0207305335344399,0.236610701148114,0.48267459064012,0.357221627821457,0.429508523689769,0.328797974610715,0.19235088968388,0.431139108916479,0.410375281593381,0.418592043238551,0.203088829221199,NA,0.438215144716654,0.344634688375723,NA,0.311169669833107,0.411020601220664,0,0.0406855927540923,0.0159925383975478,NA,NA,0.174462084767475,NA,0.15607714072539,0.385642266299919,0.345659446279224,0.385356166856018,NA,0.396666178197015,0.285261148770365,0.364676860231567,0.323856517431024,NA
0.487073361356853,0.384860539648137,0.227798085932976,0.411406729364073,0.444721439454869,0.347244308793841,0.292072545086959,0.223666105867392,NA,0.226092964515549,0.321538462686263,0.375998856385437,0.312557600404589,0.384614031572181,0.525666574331545,0.539003132818349,0.525717216147919,0.343866189574268,0.390224223148067,NA,NA,0.500790428711739,0.456697248338922,0.471256365903743,0.373837566616981,NA,NA,0.365972293073823,0.0201018360763003,0.271963189864186,0.511620940365567,0.373824849842365,0.448491739893776,0.367388693885813,0.188241394775534,0.464358811916642,0.423839002678031,0.435415453911228,0.238441014060517,NA,0.458977452033374,0.385289544265083,NA,0.349624448796874,0.422354160897052,0.0406855927540923,0,0.0565547719748633,NA,NA,0.180436333816697,NA,0.16897925449551,0.423959000651714,0.354643201096608,0.406417520825246,NA,0.419505847799111,0.323599530948172,0.402556668123477,0.36445778964619,NA
