"Abraham Lincoln","Adolf Hitler","Albert Einstein","Alexander the Great","Andrew Jackson","Barack Obama","Benito Mussolini","Benjamin Franklin","Bill Clinton","Bill Gates","Charlemagne","Christopher Columbus","Cleopatra","Constantine the Great","Dwight D. Eisenhower","Elizabeth I of England","Elizabeth II","Fidel Castro","Franklin D. Roosevelt","Gautama Buddha","Genghis Khan","George H. W. Bush","George W. Bush","George Washington","Harry Truman","Henry Ford","Henry VIII of England","Hillary Clinton","Jesus Christ","Joan of Arc","John Adams","John F. Kennedy","Joseph Stalin","Julius Caesar","Karl Marx","Lyndon B. Johnson","Mahatma Gandhi","Malcolm X","Mao Zedong","Margaret Thatcher","Martin Luther King Jr.","Mikhail Gorbachev","Mother Teresa","Napoleon Bonaparte","Nelson Mandela","Pope Francis","Pope John Paul II","Prophet Muhammad","Queen Victoria","Richard Nixon","Robert E. Lee","Ronald Reagan","Rosa Parks","Saddam Hussein","Theodore Roosevelt","Thomas Edison","Thomas Jefferson","Ulysses S. Grant","Vladimir Lenin","Vladimir Putin","Winston Churchill","Woodrow Wilson"
0,0.325872613922851,0.617297836276042,0.540114453714614,0.594897218520554,NA,0.327194358167874,0.576249576418808,0.133946863830096,NA,0.526538363233954,0.2364858329647,0.558491618400454,0.506783612215883,0.103605338827918,0.588498735666548,0.572554525762918,NA,0.0821264728474448,0.18216832918426,0.562078656519611,0.075137207573453,0.0651059224205078,NA,0.102367614722094,0.626114671846005,NA,0.370630611032129,0.552430432054514,0.651196729588724,0.54557975927369,0.050966652466078,0.381173958487861,0.622116167621855,NA,NA,0.64177825202978,NA,0.342385655071295,0.604261145877036,0.0318781182451325,NA,NA,0.583685169222465,0.0578808802525175,0.615153648361547,0.590811510998138,0.360042819984049,0.59205329741607,0.160533140309999,NA,0.5540009108861,0.0686276680050092,NA,0.148289928166963,0.587001663035173,0.602913340614308,0.250089196205233,0.36714986967216,0.11746001382131,0.321938733399177,0.055325036851442
0.325872613922851,0,0.374872214688326,0.432321032454199,0.374728112568858,NA,0.0140381754696975,0.352002592943192,0.296027055957966,NA,0.427813469532319,0.310328984494285,0.432698629499627,0.404727932176061,0.304601722370989,0.451285102045502,0.462345633366217,NA,0.246170556011593,0.277655272082408,0.442626442832954,0.304384226607323,0.321958704598807,NA,0.274924936134509,0.373000147057429,NA,0.0531678337418791,0.444577376516621,0.512557683531673,0.324758884518964,0.279118997671422,0.0626088484816586,0.479341526736177,NA,NA,0.408263120963706,NA,0.0165597945690591,0.399499278954928,0.329612324473583,NA,NA,0.455548133283919,0.381283585743072,0.447564334773602,0.413137837707015,0.0477927995035766,0.44655758359037,0.183393372049456,NA,0.328923011469193,0.394350086536717,NA,0.296435110369057,0.363604425611035,0.372944119997848,0.286900823126172,0.0491589620356656,0.235316554346694,0.304189827061995,0.275945643126501
0.617297836276042,0.374872214688326,0,0.239920629348608,0.0476951634475606,NA,0.362680186143059,0.0497149625535478,0.644675345908676,NA,0.251909881142924,0.442292576335767,0.21370280377917,0.243966704055978,0.642625014215116,0.201695431058368,0.2446969578,NA,0.559584248553966,0.464152407776085,0.225457256934138,0.631401531761785,0.643805564234951,NA,0.612345004720648,0.0246170556011593,NA,0.326000838392635,0.242736124080899,0.227552895443862,0.0759542641527021,0.566995716408526,0.319895624089638,0.204571858458912,NA,NA,0.0357252834042968,NA,0.364964375553749,0.0776971514085958,0.603738200035088,NA,NA,0.216537763077448,0.656945722059529,0.154033255688592,0.127674987152527,0.327817193901599,0.187688710559761,0.529764466617032,NA,0.0662051957720444,0.679497779236629,NA,0.649342034578174,0.0448357711356291,0.0278059648645512,0.411975195110452,0.329616713488319,0.573423057491154,0.355018641979083,0.586339700504609
0.540114453714614,0.432321032454199,0.239920629348608,0,0.192226052382817,NA,0.418326670294365,0.197042524237818,0.615307015115431,NA,0.0169909866099377,0.312034134278716,0.0304810098075164,0.0334191451312624,0.601769566464285,0.0601043105444286,0.0330612970615974,NA,0.511218707063439,0.359070469566352,0.025287029829266,0.581442193460728,0.587198792303776,NA,0.575424421055377,0.264211274538453,NA,0.404316660549486,0.0129419372848492,0.113489996572728,0.19065338604256,0.497403373509838,0.404503473406747,0.0901114356205623,NA,NA,0.231259543457747,NA,0.431443034171526,0.166885882504511,0.516399730157433,NA,NA,0.0484442079121008,0.561280781460498,0.112442724457448,0.117953003227923,0.398735271374072,0.0715809306552269,0.516934535705826,NA,0.197864742478191,0.587427324651534,NA,0.624657315449691,0.196793555281702,0.212145385449656,0.291660079974806,0.406205457960446,0.54385966667986,0.219151324630168,0.529943759080334
0.594897218520554,0.374728112568858,0.0476951634475606,0.192226052382817,0,NA,0.361739366110707,0.0228211715989149,0.631523718606381,NA,0.204273054837681,0.408404836623543,0.166171594444471,0.196792738471991,0.62724583029477,0.155440844625377,0.197576948524176,NA,0.541714407162005,0.434652334595392,0.178026990262312,0.614172712237048,0.625473030996415,NA,0.59735853275826,0.0720621185606404,NA,0.329151152236896,0.195136627736857,0.186880210565228,0.0515592896459841,0.545326026384321,0.324366639575269,0.161270410015811,NA,NA,0.0500051113519402,NA,0.366607896427604,0.0348506920131607,0.579368400809104,NA,NA,0.169949595387566,0.631672347396061,0.111261428741309,0.0816652223547152,0.329241973704381,0.141749141726004,0.518263707452923,NA,0.0459022155292931,0.655070497129398,NA,0.637151275927501,0.0116889336735392,0.0199418423725523,0.378952273199225,0.332479554260124,0.559330258787439,0.31823108509158,0.567350829085972
NA,NA,NA,NA,NA,0,NA,NA,NA,NA,NA,NA,NA,NA,NA,NA,NA,NA,NA,NA,NA,NA,NA,NA,NA,NA,NA,NA,NA,NA,NA,NA,NA,NA,NA,NA,NA,NA,NA,NA,NA,NA,NA,NA,NA,NA,NA,NA,NA,NA,NA,NA,NA,NA,NA,NA,NA,NA,NA,NA,NA,NA
0.327194358167874,0.0140381754696975,0.362680186143059,0.418326670294365,0.361739366110707,NA,0,0.339047827993953,0.302965106630765,NA,0.413872540520911,0.301617126652064,0.418660835429535,0.390799273162892,0.310288579839667,0.437266120219602,0.448323292683294,NA,0.248557352425211,0.270956737983022,0.428592776181733,0.308850269601399,0.326035351749135,NA,0.2803148682616,0.361299626658361,NA,0.0455930115378678,0.430572951984654,0.498581846946105,0.311586668332096,0.279550008417372,0.0558426856154421,0.465363619644504,NA,NA,0.395843202662076,NA,0.020046355868366,0.386192512517569,0.329577697974681,NA,NA,0.441512329983513,0.381898179529615,0.433750520747656,0.399384992350931,0.0378488789300484,0.432568217392749,0.189007265896623,NA,0.315893933426781,0.395796501129657,NA,0.303948239333873,0.350670302146465,0.360262408384017,0.277428818687543,0.0416964202062013,0.240412561944233,0.292493300269814,0.278422450337589
0.576249576418808,0.352002592943192,0.0497149625535478,0.197042524237818,0.0228211715989149,NA,0.339047827993953,0,0.610501820408415,NA,0.207672506746299,0.394612095196334,0.173096539426135,0.197760729727315,0.606695864772321,0.166269265939357,0.20595169829758,NA,0.521722192204465,0.418633958447084,0.185383600705886,0.594057106999329,0.605646825508904,NA,0.576706866525916,0.0709289816477003,NA,0.306331406841824,0.20135404461812,0.203312351008337,0.0307487837049995,0.526417457779248,0.301549436214485,0.175860363021194,NA,NA,0.0656199018710276,NA,0.34381691901377,0.0541058535027203,0.561380434691219,NA,NA,0.179939020377479,0.614038695915729,0.127090734280325,0.0944776904488528,0.306447875684297,0.153319897649112,0.49687569097767,NA,0.0235832405513751,0.637139923083017,NA,0.615945675706626,0.0116889336735392,0.027079651563405,0.3646488887777,0.309662152627351,0.538466761685991,0.306183396051371,0.547671138375279
0.133946863830096,0.296027055957966,0.644675345908676,0.615307015115431,0.631523718606381,NA,0.302965106630765,0.610501820408415,0,NA,0.603947432708855,0.338517844142715,0.628684913842427,0.582151144567009,0.0313134088848031,0.65610421231689,0.648367454041034,NA,0.107258307602416,0.279575882429015,0.634496519540246,0.0588803481019265,0.0733203515898762,NA,0.0416231094583451,0.648557084277411,NA,0.348389747499077,0.628152617112785,0.720442714627107,0.580111752533635,0.140707712323322,0.358336447364107,0.68903544815342,NA,NA,0.673901121370405,NA,0.311653210253132,0.647581570646551,0.164145261301359,NA,NA,0.654134186155118,0.178473371654607,0.673088691095361,0.64416524632962,0.340545520475314,0.6569731258311,0.116040526117853,NA,0.587073403846624,0.170598139617126,NA,0.0143440046153018,0.621987997796976,0.635548523256001,0.342391758231692,0.34442416355283,0.0728342347295718,0.407898764664912,0.0998944328658225
NA,NA,NA,NA,NA,NA,NA,NA,NA,0,NA,NA,NA,NA,NA,NA,NA,NA,NA,NA,NA,NA,NA,NA,NA,NA,NA,NA,NA,NA,NA,NA,NA,NA,NA,NA,NA,NA,NA,NA,NA,NA,NA,NA,NA,NA,NA,NA,NA,NA,NA,NA,NA,NA,NA,NA,NA,NA,NA,NA,NA,NA
0.526538363233954,0.427813469532319,0.251909881142924,0.0169909866099377,0.204273054837681,NA,0.413872540520911,0.207672506746299,0.603947432708855,NA,0,0.297093757170161,0.0469478635592261,0.0232675937730462,0.589833423115363,0.0770885996804595,0.0462093505678579,NA,0.499307684749586,0.345078787422709,0.0422212614408286,0.569100190797272,0.574482533260876,NA,0.563820713305189,0.275985251322904,NA,0.401633730118633,0.0266729552454826,0.129257808292584,0.199177266961405,0.484411883502417,0.402259989119453,0.106884492598885,NA,NA,0.244854564144159,NA,0.427569550925828,0.180417202815294,0.502421669558607,NA,NA,0.0652662061573402,0.546756997355005,0.128859247904062,0.132431027465907,0.395616547181902,0.0883787426748044,0.507062655403288,NA,0.206879946536776,0.572986711919392,NA,0.613521202168835,0.208171150624264,0.224104272342245,0.277446200175047,0.403374125675897,0.532833496520469,0.20498161014863,0.517491774815828
0.2364858329647,0.310328984494285,0.442292576335767,0.312034134278716,0.408404836623543,NA,0.301617126652064,0.394612095196334,0.338517844142715,NA,0.297093757170161,0,0.334116889634259,0.279538508087911,0.317109273022107,0.365541767632053,0.343254027240094,NA,0.231970207547718,0.0590030696016206,0.335669629635496,0.291873289266546,0.292493849829077,NA,0.296926525678418,0.457673363140901,NA,0.324985991602808,0.323635362440216,0.425293160441666,0.366342093879891,0.202302595253672,0.333072238751826,0.398830801980094,NA,NA,0.45828933403613,NA,0.321651010632802,0.408074090194076,0.209249389728771,NA,NA,0.358353044438699,0.250287082110722,0.40091629218901,0.382853279587452,0.313341920379277,0.37151257517298,0.273281757969835,NA,0.376110239523507,0.27675589734346,NA,0.350807791161425,0.403428317349353,0.421445920291603,0.0316757796837806,0.323548432121229,0.27683603750078,0.0951828335206077,0.241040237182628
0.558491618400454,0.432698629499627,0.21370280377917,0.0304810098075164,0.166171594444471,NA,0.418660835429535,0.173096539426135,0.628684913842427,NA,0.0469478635592261,0.334116889634259,0,0.0558426856154421,0.616402201779596,0.03191843203708,0.0345170074905221,NA,0.525947005686095,0.378768984734347,0.0125893668503346,0.596987343832943,0.603562452452989,NA,0.589382226718874,0.238204023704817,NA,0.401473609501615,0.0292704255151459,0.0927555088948774,0.170171719073747,0.514520877649986,0.400866973788609,0.0647270724880432,NA,NA,0.202951508651204,NA,0.430656194846438,0.138896800769223,0.535749052435011,NA,NA,0.0254707076008056,0.581890430562132,0.081981507942053,0.0890256835971271,0.396707202318569,0.0416346934214967,0.527403431653801,NA,0.176489920408204,0.607804716536947,NA,0.637548750249334,0.171702625857954,0.186100158729585,0.312097490575003,0.403622709930311,0.556651171651718,0.239872385779057,0.545810698001543
0.506783612215883,0.404727932176061,0.243966704055978,0.0334191451312624,0.196792738471991,NA,0.390799273162892,0.197760729727315,0.582151144567009,NA,0.0232675937730462,0.279538508087911,0.0558426856154421,0,0.568451880400009,0.0877600062986931,0.0663410213457711,NA,0.477902769458277,0.325900235763795,0.0561326601234974,0.548053731297076,0.553781224886435,NA,0.54219015210378,0.267526862051961,NA,0.379035402625941,0.0460804636581339,0.145772159874978,0.186283182069223,0.463989265133361,0.379819146294047,0.120123010024075,NA,NA,0.240134927949338,NA,0.404617903346978,0.176125233748438,0.483199517511504,NA,NA,0.0789775540498943,0.528363532297793,0.133832810793036,0.131103780416086,0.372879462929962,0.0964960861159638,0.484466300619442,NA,0.194586415040267,0.554453357848398,NA,0.591582057132232,0.199480480434558,0.216296371164309,0.258622542437416,0.380725423318028,0.510822371492229,0.186135568789414,0.496542043677414
0.103605338827918,0.304601722370989,0.642625014215116,0.601769566464285,0.62724583029477,NA,0.310288579839667,0.606695864772321,0.0313134088848031,NA,0.589833423115363,0.317109273022107,0.616402201779596,0.568451880400009,0,0.644536449254763,0.63478551323706,NA,0.0905509671455713,0.258552921323319,0.621695382211016,0.0286543707481759,0.042018998167378,NA,0.0305810427539129,0.647679113672858,NA,0.355880579361093,0.614529335880144,0.708661788169731,0.576102274068088,0.115985103773859,0.366089270980098,0.677733346845465,NA,NA,0.670843444379746,NA,0.320687564165431,0.641784513607233,0.134415263295166,NA,NA,0.641872670133021,0.147168106771029,0.66390092645405,0.635973285911007,0.347280652939314,0.646055703546378,0.121296190856952,NA,0.583439742852702,0.139818410319682,NA,0.0453951488058671,0.618057728034506,0.632226597441726,0.323241754136374,0.351981129662809,0.0706838032793699,0.390763075552488,0.0760916997768199
0.588498735666548,0.451285102045502,0.201695431058368,0.0601043105444286,0.155440844625377,NA,0.437266120219602,0.166269265939357,0.65610421231689,NA,0.0770885996804595,0.365541767632053,0.03191843203708,0.0877600062986931,0.644536449254763,0,0.0462058718649082,NA,0.554217609461725,0.409433163797345,0.0352268720235053,0.625622326448585,0.632607854972624,NA,0.617167363551036,0.226294857818433,NA,0.417408454789125,0.0540166532659272,0.0644408498204445,0.169084802850291,0.543996493229151,0.416086249692365,0.0336253345098642,NA,NA,0.186234853762259,NA,0.448266280942919,0.124368858430729,0.566168430640523,NA,NA,0.0157232963207923,0.612755422263641,0.0561441134311301,0.0740229164629355,0.413388716390719,0.0145332623736303,0.553175403559998,NA,0.173860970820021,0.638578609148018,NA,0.664675978912948,0.162776409651132,0.174932913866381,0.343079778997223,0.419780073549879,0.583802750002855,0.271039185890632,0.57465290867786
0.572554525762918,0.462345633366217,0.2446969578,0.0330612970615974,0.197576948524176,NA,0.448323292683294,0.20595169829758,0.648367454041034,NA,0.0462093505678579,0.343254027240094,0.0345170074905221,0.0663410213457711,0.63478551323706,0.0462058718649082,0,NA,0.54423548772299,0.391220235486473,0.022054635946006,0.614382577481108,0.620034532346272,NA,0.608473971288157,0.269299494681547,NA,0.432752491975902,0.0202616998666686,0.0845110237452306,0.204311609320067,0.530133300199106,0.432505040699147,0.0671502055775859,NA,NA,0.23130402393198,NA,0.46093508059686,0.168320644898965,0.548567347092317,NA,NA,0.0305336995785758,0.592965649423036,0.102298500473801,0.117718373808437,0.427593610716712,0.0606076631394216,0.549834962778654,NA,0.210388582047114,0.619195817130021,NA,0.657716995188218,0.203845320082856,0.217393463878361,0.323628408873995,0.434781012449278,0.576916429561956,0.251148119582927,0.562854838892924
NA,NA,NA,NA,NA,NA,NA,NA,NA,NA,NA,NA,NA,NA,NA,NA,NA,0,NA,NA,NA,NA,NA,NA,NA,NA,NA,NA,NA,NA,NA,NA,NA,NA,NA,NA,NA,NA,NA,NA,NA,NA,NA,NA,NA,NA,NA,NA,NA,NA,NA,NA,NA,NA,NA,NA,NA,NA,NA,NA,NA,NA
0.0821264728474448,0.246170556011593,0.559584248553966,0.511218707063439,0.541714407162005,NA,0.248557352425211,0.521722192204465,0.107258307602416,NA,0.499307684749586,0.231970207547718,0.525947005686095,0.477902769458277,0.0905509671455713,0.554217609461725,0.54423548772299,NA,0,0.172967411761427,0.531175021308946,0.0726840062281549,0.0842767492628932,NA,0.0657520472482406,0.566136915425138,NA,0.292985840687908,0.523979685654377,0.618279273867593,0.491002658404878,0.0487617047537452,0.303516921821591,0.587472199601638,NA,NA,0.586523623475263,NA,0.262729959756642,0.554766374201604,0.0959632267413121,NA,NA,0.551416040420181,0.139813811634958,0.574479455407814,0.547150218157379,0.282899469657466,0.555919532496033,0.0799806892738299,NA,0.498729161768223,0.149250470872893,NA,0.119011215243999,0.532917053948206,0.547713987985408,0.235134098390819,0.289355519699817,0.0495075999707144,0.301109344371935,0.029879158987635
0.18216832918426,0.277655272082408,0.464152407776085,0.359070469566352,0.434652334595392,NA,0.270956737983022,0.418633958447084,0.279575882429015,NA,0.345078787422709,0.0590030696016206,0.378768984734347,0.325900235763795,0.258552921323319,0.409433163797345,0.391220235486473,NA,0.172967411761427,0,0.381634181338648,0.233763546126012,0.235313821967969,NA,0.237971775705435,0.477117756729557,NA,0.300779788145998,0.371202653782448,0.471149924599611,0.388965017275502,0.144584124560524,0.309898767307233,0.443025734593966,NA,NA,0.483770694789352,NA,0.290820050750008,0.438584947166369,0.157347421494967,NA,NA,0.403686424825742,0.203552557205821,0.440098191637942,0.418729555867135,0.288869031417752,0.414006900478982,0.217097499051187,NA,0.398308530406611,0.229185174450142,NA,0.291818762182441,0.428375193531528,0.445713040387581,0.0679355591305669,0.298721644875195,0.218105088844955,0.140122736976004,0.182578177043382
0.562078656519611,0.442626442832954,0.225457256934138,0.025287029829266,0.178026990262312,NA,0.428592776181733,0.185383600705886,0.634496519540246,NA,0.0422212614408286,0.335669629635496,0.0125893668503346,0.0561326601234974,0.621695382211016,0.0352268720235053,0.022054635946006,NA,0.531175021308946,0.381634181338648,0,0.601885750906355,0.608100844239066,NA,0.594948824907577,0.249999839257395,NA,0.412142546332148,0.0193112072119246,0.089673334823753,0.182747136429017,0.518692475717226,0.411705495685254,0.064908106779313,NA,NA,0.213844918172677,NA,0.440868544289125,0.150074255396313,0.53884753728395,NA,NA,0.0232468592430646,0.584340235928208,0.089515452794517,0.0998171650191191,0.407192365336996,0.0477254856680521,0.534295519575003,NA,0.189027675762789,0.610383852501118,NA,0.643556089954955,0.183785620328558,0.197932971141593,0.314540035952618,0.414235522827493,0.562676606016712,0.242099566772045,0.550554834323665
0.075137207573453,0.304384226607323,0.631401531761785,0.581442193460728,0.614172712237048,NA,0.308850269601399,0.594057106999329,0.0588803481019265,NA,0.569100190797272,0.291873289266546,0.596987343832943,0.548053731297076,0.0286543707481759,0.625622326448585,0.614382577481108,NA,0.0726840062281549,0.233763546126012,0.601885750906355,0,0.0196576981986927,NA,0.0355222331013646,0.637451674386646,NA,0.354246278075786,0.594121773138266,0.689509789284663,0.563357528518433,0.0897091783517747,0.364633019106832,0.658978328795087,NA,NA,0.658716299188638,NA,0.320762741876904,0.627430315572279,0.10577487740324,NA,NA,0.622439317431998,0.12138494724869,0.646794732370677,0.619695084131666,0.345002385457838,0.627634723397631,0.122267652938422,NA,0.570994539477846,0.117028146350504,NA,0.0732106529264629,0.605292404240568,0.619945085422884,0.299495508598795,0.350435070944196,0.069970684523519,0.368233605718221,0.0518174064641371
0.0651059224205078,0.321958704598807,0.643805564234951,0.587198792303776,0.625473030996415,NA,0.326035351749135,0.605646825508904,0.0733203515898762,NA,0.574482533260876,0.292493849829077,0.603562452452989,0.553781224886435,0.042018998167378,0.632607854972624,0.620034532346272,NA,0.0842767492628932,0.235313821967969,0.608100844239066,0.0196576981986927,0,NA,0.0551387763354704,0.650413276208307,NA,0.371292280544932,0.599789379571352,0.69623530703912,0.574911312891547,0.0909053060738179,0.381723885411675,0.66607111740123,NA,NA,0.670565436138264,NA,0.338397687744746,0.637883485572738,0.096895051789815,NA,NA,0.628973255467688,0.105153025472703,0.655240524836815,0.628794079992566,0.361842442976183,0.635037167425559,0.140794506907711,NA,0.582725187496638,0.0986394787078258,NA,0.0872843288503983,0.616793501509348,0.631731127557079,0.302129907900184,0.367516135475361,0.0887580562209279,0.37209233402475,0.0585353591356287
NA,NA,NA,NA,NA,NA,NA,NA,NA,NA,NA,NA,NA,NA,NA,NA,NA,NA,NA,NA,NA,NA,NA,0,NA,NA,NA,NA,NA,NA,NA,NA,NA,NA,NA,NA,NA,NA,NA,NA,NA,NA,NA,NA,NA,NA,NA,NA,NA,NA,NA,NA,NA,NA,NA,NA,NA,NA,NA,NA,NA,NA
0.102367614722094,0.274924936134509,0.612345004720648,0.575424421055377,0.59735853275826,NA,0.2803148682616,0.576706866525916,0.0416231094583451,NA,0.563820713305189,0.296926525678418,0.589382226718874,0.54219015210378,0.0305810427539129,0.617167363551036,0.608473971288157,NA,0.0657520472482406,0.237971775705435,0.594948824907577,0.0355222331013646,0.0551387763354704,NA,0,0.617257473409206,NA,0.325892837285961,0.588236462809404,0.68141122778631,0.546147504814591,0.10064468564015,0.336146725272152,0.65024519990181,NA,NA,0.640726441837644,NA,0.29110566761658,0.612266248681296,0.130010470595561,NA,NA,0.614848368695636,0.153881865460259,0.635498949119457,0.60719482069036,0.317155904353746,0.618381179092747,0.0915414157415023,NA,0.553412176831947,0.151703107618726,NA,0.0541385234323352,0.588095989472452,0.602150354052063,0.3008423087178,0.322010623921102,0.0401888190541827,0.366722316386621,0.0599972394510436
0.626114671846005,0.373000147057429,0.0246170556011593,0.264211274538453,0.0720621185606404,NA,0.361299626658361,0.0709289816477003,0.648557084277411,NA,0.275985251322904,0.457673363140901,0.238204023704817,0.267526862051961,0.647679113672858,0.226294857818433,0.269299494681547,NA,0.566136915425138,0.477117756729557,0.249999839257395,0.637451674386646,0.650413276208307,NA,0.617257473409206,0,NA,0.322778451856152,0.267195590580155,0.25106426153684,0.0931394337757926,0.57553307642002,0.316038922336007,0.22872742707873,NA,NA,0.0520433667768709,NA,0.362232713801391,0.102186876635896,0.613632018159827,NA,NA,0.241152245353456,0.667228733969288,0.178189440150352,0.152278431694453,0.32547430316948,0.212266582826134,0.533074480363323,NA,0.0831090098685875,0.689289683354164,NA,0.652711563497788,0.0680490373151086,0.0521205252577517,0.426977027292543,0.326513725023871,0.577961158127983,0.372221478540591,0.593415746469717
NA,NA,NA,NA,NA,NA,NA,NA,NA,NA,NA,NA,NA,NA,NA,NA,NA,NA,NA,NA,NA,NA,NA,NA,NA,NA,0,NA,NA,NA,NA,NA,NA,NA,NA,NA,NA,NA,NA,NA,NA,NA,NA,NA,NA,NA,NA,NA,NA,NA,NA,NA,NA,NA,NA,NA,NA,NA,NA,NA,NA,NA
0.370630611032129,0.0531678337418791,0.326000838392635,0.404316660549486,0.329151152236896,NA,0.0455930115378678,0.306331406841824,0.348389747499077,NA,0.401633730118633,0.324985991602808,0.401473609501615,0.379035402625941,0.355880579361093,0.417408454789125,0.432752491975902,NA,0.292985840687908,0.300779788145998,0.412142546332148,0.354246278075786,0.371292280544932,NA,0.325892837285961,0.322778451856152,NA,0,0.416063069830338,0.476723079708217,0.280479969123109,0.322198262438277,0.0105467458005209,0.443687040995648,NA,NA,0.360086123416932,NA,0.0398352919854281,0.355785714853677,0.371570981107362,NA,NA,0.423091151363835,0.42453240838424,0.408675927620094,0.373542312803285,0.0119204201788937,0.411414521830251,0.234600268206786,NA,0.283762380840099,0.439255500946347,NA,0.349156651634078,0.317779699348652,0.325892837285961,0.298300552737271,0.00400927117367323,0.28596476208127,0.302860036625218,0.322864593763615
0.552430432054514,0.444577376516621,0.242736124080899,0.0129419372848492,0.195136627736857,NA,0.430572951984654,0.20135404461812,0.628152617112785,NA,0.0266729552454826,0.323635362440216,0.0292704255151459,0.0460804636581339,0.614529335880144,0.0540166532659272,0.0202616998666686,NA,0.523979685654377,0.371202653782448,0.0193112072119246,0.594121773138266,0.599789379571352,NA,0.588236462809404,0.267195590580155,NA,0.416063069830338,0,0.102626378609627,0.196787837542527,0.5099137286675,0.416106337861628,0.0813891923247905,NA,NA,0.23221191935823,NA,0.443533766637066,0.168164911401819,0.528548165943348,NA,NA,0.0403684035698649,0.573153886107298,0.108817558058181,0.118251072760011,0.410618663214803,0.0669560289701733,0.529875204320829,NA,0.203580194330809,0.599347823784782,NA,0.637528327724212,0.200381752859924,0.215076379593122,0.303679994805343,0.417998006350732,0.556739816098187,0.231179596100076,0.542596755063058
0.651196729588724,0.512557683531673,0.227552895443862,0.113489996572728,0.186880210565228,NA,0.498581846946105,0.203312351008337,0.720442714627107,NA,0.129257808292584,0.425293160441666,0.0927555088948774,0.145772159874978,0.708661788169731,0.0644408498204445,0.0845110237452306,NA,0.618279273867593,0.471149924599611,0.089673334823753,0.689509789284663,0.69623530703912,NA,0.68141122778631,0.25106426153684,NA,0.476723079708217,0.102626378609627,0,0.214076309855151,0.607270263991791,0.47479521975966,0.0332261923341984,NA,NA,0.203301282044755,NA,0.508828797225684,0.15218339955364,0.628273644872356,NA,NA,0.0675178407205956,0.673986031073596,0.0762394302995987,0.110639904260197,0.473326343259718,0.0662051957720443,0.617590453238404,NA,0.216557062806466,0.700004739592959,NA,0.729065872205527,0.196702051510506,0.204075447251479,0.40417032978505,0.479271435479344,0.648185208027841,0.331754531711178,0.638413963507626
0.54557975927369,0.324758884518964,0.0759542641527021,0.19065338604256,0.0515592896459841,NA,0.311586668332096,0.0307487837049995,0.580111752533635,NA,0.199177266961405,0.366342093879891,0.170171719073747,0.186283182069223,0.576102274068088,0.169084802850291,0.204311609320067,NA,0.491002658404878,0.388965017275502,0.182747136429017,0.563357528518433,0.574911312891547,NA,0.546147504814591,0.0931394337757926,NA,0.280479969123109,0.196787837542527,0.214076309855151,0,0.495710023486386,0.27625769487525,0.184120295012495,NA,NA,0.0962041305869729,NA,0.31722077132515,0.0753679000203622,0.530862931572139,NA,NA,0.181177362929474,0.583622376340977,0.138701082479057,0.103464056990442,0.279940738512336,0.157609748187043,0.466727383599079,NA,0.0100311932716768,0.60663121413735,NA,0.585666834830738,0.0419577459508971,0.0573816213144468,0.336064466245404,0.283680230963568,0.507994118276945,0.279428080842807,0.516925828937194
0.050966652466078,0.279118997671422,0.566995716408526,0.497403373509838,0.545326026384321,NA,0.279550008417372,0.526417457779248,0.140707712323322,NA,0.484411883502417,0.202302595253672,0.514520877649986,0.463989265133361,0.115985103773859,0.543996493229151,0.530133300199106,NA,0.0487617047537452,0.144584124560524,0.518692475717226,0.0897091783517747,0.0909053060738179,NA,0.10064468564015,0.57553307642002,NA,0.322198262438277,0.5099137286675,0.607270263991791,0.495710023486386,0,0.332718783853447,0.577552455351574,NA,NA,0.591872993868003,NA,0.295516195594544,0.555463649649699,0.0512716658493308,NA,NA,0.539863213861834,0.10236918495816,0.568674944128573,0.543448980335478,0.311371986661987,0.54694482641301,0.126999637055453,NA,0.504022954718188,0.11824291648235,NA,0.154224108467471,0.537257297030995,0.552988818752377,0.211225056794982,0.318813956433861,0.0967622460094869,0.281363441271826,0.0408276901033804
0.381173958487861,0.0626088484816586,0.319895624089638,0.404503473406747,0.324366639575269,NA,0.0558426856154421,0.301549436214485,0.358336447364107,NA,0.402259989119453,0.333072238751826,0.400866973788609,0.379819146294047,0.366089270980098,0.416086249692365,0.432505040699147,NA,0.303516921821591,0.309898767307233,0.411705495685254,0.364633019106832,0.381723885411675,NA,0.336146725272152,0.316038922336007,NA,0.0105467458005209,0.416106337861628,0.47479521975966,0.27625769487525,0.332718783853447,0,0.44184787743749,NA,NA,0.35424355550935,NA,0.0482780180298115,0.351621996389161,0.382053882348524,NA,NA,0.422133418320854,0.435047121658532,0.405963206696671,0.370670509298868,0.0217832967605059,0.409760067248061,0.244796130295627,NA,0.279213428077211,0.44979841583519,NA,0.358953162705941,0.312920982484925,0.32054969256882,0.306015353835961,0.0142088932405459,0.296255027981013,0.308654516624445,0.333395909893734
0.622116167621855,0.479341526736177,0.204571858458912,0.0901114356205623,0.161270410015811,NA,0.465363619644504,0.175860363021194,0.68903544815342,NA,0.106884492598885,0.398830801980094,0.0647270724880432,0.120123010024075,0.677733346845465,0.0336253345098642,0.0671502055775859,NA,0.587472199601638,0.443025734593966,0.064908106779313,0.658978328795087,0.66607111740123,NA,0.65024519990181,0.22872742707873,NA,0.443687040995648,0.0813891923247905,0.0332261923341984,0.184120295012495,0.577552455351574,0.44184787743749,0,NA,NA,0.183778623236484,NA,0.475657066339771,0.127363635010149,0.59978911157296,NA,NA,0.0416732833764131,0.646312917776923,0.0505422660678757,0.0815864519265903,0.440212132541044,0.0330612970615974,0.585405489894744,NA,0.18732694775841,0.672156912966562,NA,0.697486442870097,0.170292583708731,0.179548216540014,0.376595005105936,0.446212249097413,0.616641286488136,0.304477684356762,0.60807044491323
NA,NA,NA,NA,NA,NA,NA,NA,NA,NA,NA,NA,NA,NA,NA,NA,NA,NA,NA,NA,NA,NA,NA,NA,NA,NA,NA,NA,NA,NA,NA,NA,NA,NA,0,NA,NA,NA,NA,NA,NA,NA,NA,NA,NA,NA,NA,NA,NA,NA,NA,NA,NA,NA,NA,NA,NA,NA,NA,NA,NA,NA
NA,NA,NA,NA,NA,NA,NA,NA,NA,NA,NA,NA,NA,NA,NA,NA,NA,NA,NA,NA,NA,NA,NA,NA,NA,NA,NA,NA,NA,NA,NA,NA,NA,NA,NA,0,NA,NA,NA,NA,NA,NA,NA,NA,NA,NA,NA,NA,NA,NA,NA,NA,NA,NA,NA,NA,NA,NA,NA,NA,NA,NA
0.64177825202978,0.408263120963706,0.0357252834042968,0.231259543457747,0.0500051113519402,NA,0.395843202662076,0.0656199018710276,0.673901121370405,NA,0.244854564144159,0.45828933403613,0.202951508651204,0.240134927949338,0.670843444379746,0.186234853762259,0.23130402393198,NA,0.586523623475263,0.483770694789352,0.213844918172677,0.658716299188638,0.670565436138264,NA,0.640726441837644,0.0520433667768709,NA,0.360086123416932,0.23221191935823,0.203301282044755,0.0962041305869729,0.591872993868003,0.35424355550935,0.183778623236484,NA,NA,0,NA,0.398776388617301,0.0644383553520277,0.626999252750237,NA,NA,0.201716947745366,0.679648924791916,0.133912057940347,0.11402835238571,0.361514449960294,0.171770952548208,0.559596887566764,NA,0.0879118989069043,0.702759479791852,NA,0.678980697096004,0.0554063289309632,0.0388919969643475,0.428722147966534,0.36364597883653,0.602182653837652,0.368233605718221,0.61271738360601
NA,NA,NA,NA,NA,NA,NA,NA,NA,NA,NA,NA,NA,NA,NA,NA,NA,NA,NA,NA,NA,NA,NA,NA,NA,NA,NA,NA,NA,NA,NA,NA,NA,NA,NA,NA,NA,0,NA,NA,NA,NA,NA,NA,NA,NA,NA,NA,NA,NA,NA,NA,NA,NA,NA,NA,NA,NA,NA,NA,NA,NA
0.342385655071295,0.0165597945690591,0.364964375553749,0.431443034171526,0.366607896427604,NA,0.020046355868366,0.34381691901377,0.311653210253132,NA,0.427569550925828,0.321651010632802,0.430656194846438,0.404617903346978,0.320687564165431,0.448266280942919,0.46093508059686,NA,0.262729959756642,0.290820050750008,0.440868544289125,0.320762741876904,0.338397687744746,NA,0.29110566761658,0.362232713801391,NA,0.0398352919854281,0.443533766637066,0.508828797225684,0.31722077132515,0.295516195594544,0.0482780180298115,0.475657066339771,NA,NA,0.398776388617301,NA,0,0.392300167544448,0.345934823522854,NA,NA,0.453073187703522,0.397720508748362,0.442537097381295,0.407780919328263,0.0373787944495881,0.443043150040324,0.199564266654924,NA,0.32096713616817,0.41087694842964,NA,0.311785220381667,0.355351273680325,0.364061691763295,0.297367942957325,0.0359406059972228,0.251586158737427,0.311355982822748,0.292505390335083
0.604261145877036,0.399499278954928,0.0776971514085958,0.166885882504511,0.0348506920131607,NA,0.386192512517569,0.0541058535027203,0.647581570646551,NA,0.180417202815294,0.408074090194076,0.138896800769223,0.176125233748438,0.641784513607233,0.124368858430729,0.168320644898965,NA,0.554766374201604,0.438584947166369,0.150074255396313,0.627430315572279,0.637883485572738,NA,0.612266248681296,0.102186876635896,NA,0.355785714853677,0.168164911401819,0.15218339955364,0.0753679000203622,0.555463649649699,0.351621996389161,0.127363635010149,NA,NA,0.0644383553520277,NA,0.392300167544448,0,0.587168132097649,NA,NA,0.139462715326702,0.638526752868977,0.0769947100188351,0.0506153614699549,0.355077497479869,0.110204647668545,0.535805755727029,NA,0.0733247361227902,0.66257254717935,NA,0.653834322796245,0.0454340827054152,0.0522037283249934,0.379768357921922,0.35896032758274,0.574987357808634,0.315376518319377,0.579470491375903
0.0318781182451325,0.329612324473583,0.603738200035088,0.516399730157433,0.579368400809104,NA,0.329577697974681,0.561380434691219,0.164145261301359,NA,0.502421669558607,0.209249389728771,0.535749052435011,0.483199517511504,0.134415263295166,0.566168430640523,0.548567347092317,NA,0.0959632267413121,0.157347421494967,0.53884753728395,0.10577487740324,0.096895051789815,NA,0.130010470595561,0.613632018159827,NA,0.371570981107362,0.528548165943348,0.628273644872356,0.530862931572139,0.0512716658493308,0.382053882348524,0.59978911157296,NA,NA,0.626999252750237,NA,0.345934823522854,0.587168132097649,0,NA,NA,0.560773650413184,0.0545319836302393,0.594779668938001,0.571560944811373,0.360546514208271,0.570280174898679,0.175897834470264,NA,0.539557341231181,0.0757762858287503,NA,0.178467967655605,0.571894953589069,0.58824220127917,0.225074070478744,0.36827463662366,0.138765966457369,0.297449014563342,0.0754638137340603
NA,NA,NA,NA,NA,NA,NA,NA,NA,NA,NA,NA,NA,NA,NA,NA,NA,NA,NA,NA,NA,NA,NA,NA,NA,NA,NA,NA,NA,NA,NA,NA,NA,NA,NA,NA,NA,NA,NA,NA,NA,0,NA,NA,NA,NA,NA,NA,NA,NA,NA,NA,NA,NA,NA,NA,NA,NA,NA,NA,NA,NA
NA,NA,NA,NA,NA,NA,NA,NA,NA,NA,NA,NA,NA,NA,NA,NA,NA,NA,NA,NA,NA,NA,NA,NA,NA,NA,NA,NA,NA,NA,NA,NA,NA,NA,NA,NA,NA,NA,NA,NA,NA,NA,0,NA,NA,NA,NA,NA,NA,NA,NA,NA,NA,NA,NA,NA,NA,NA,NA,NA,NA,NA
0.583685169222465,0.455548133283919,0.216537763077448,0.0484442079121008,0.169949595387566,NA,0.441512329983513,0.179939020377479,0.654134186155118,NA,0.0652662061573402,0.358353044438699,0.0254707076008056,0.0789775540498943,0.641872670133021,0.0157232963207923,0.0305336995785758,NA,0.551416040420181,0.403686424825742,0.0232468592430646,0.622439317431998,0.628973255467688,NA,0.614848368695636,0.241152245353456,NA,0.423091151363835,0.0403684035698649,0.0675178407205956,0.181177362929474,0.539863213861834,0.422133418320854,0.0416732833764131,NA,NA,0.201716947745366,NA,0.453073187703522,0.139462715326702,0.560773650413184,NA,NA,0,0.606638633412634,0.0717648340918631,0.0889317441321038,0.418678496507133,0.0302268204374133,0.552635530218867,NA,0.186430678470878,0.632614969595296,NA,0.662975874378905,0.176925643624349,0.189574519946941,0.336814096506521,0.425348716501146,0.582077968632515,0.264463634385882,0.571246719701114
0.0578808802525175,0.381283585743072,0.656945722059529,0.561280781460498,0.631672347396061,NA,0.381898179529615,0.614038695915729,0.178473371654607,NA,0.546756997355005,0.250287082110722,0.581890430562132,0.528363532297793,0.147168106771029,0.612755422263641,0.592965649423036,NA,0.139813811634958,0.203552557205821,0.584340235928208,0.12138494724869,0.105153025472703,NA,0.153881865460259,0.667228733969288,NA,0.42453240838424,0.573153886107298,0.673986031073596,0.583622376340977,0.10236918495816,0.435047121658532,0.646312917776923,NA,NA,0.679648924791916,NA,0.397720508748362,0.638526752868977,0.0545319836302393,NA,NA,0.606638633412634,0,0.643457921911842,0.621306393546495,0.413660427076214,0.617517832605989,0.218393800145432,NA,0.592435174957247,0.0267211231497212,NA,0.192398235820131,0.624425933665258,0.64097325577211,0.269824843583571,0.421162057658233,0.174149190431156,0.342242434307906,0.113092720774377
0.615153648361547,0.447564334773602,0.154033255688592,0.112442724457448,0.111261428741309,NA,0.433750520747656,0.127090734280325,0.673088691095361,NA,0.128859247904062,0.40091629218901,0.081981507942053,0.133832810793036,0.66390092645405,0.0561441134311301,0.102298500473801,NA,0.574479455407814,0.440098191637942,0.089515452794517,0.646794732370677,0.655240524836815,NA,0.635498949119457,0.178189440150352,NA,0.408675927620094,0.108817558058181,0.0762394302995987,0.138701082479057,0.568674944128573,0.405963206696671,0.0505422660678757,NA,NA,0.133912057940347,NA,0.442537097381295,0.0769947100188351,0.594779668938001,NA,NA,0.0717648340918631,0.643457921911842,0,0.0357387790731297,0.406205457960446,0.0420725207051639,0.565811723596914,NA,0.140656295548592,0.668705328265059,NA,0.68071049064262,0.120727669946293,0.129196858453932,0.375936255016631,0.411458278692731,0.600300502607249,0.305741036757509,0.596800450764355
0.590811510998138,0.413137837707015,0.127674987152527,0.117953003227923,0.0816652223547152,NA,0.399384992350931,0.0944776904488528,0.64416524632962,NA,0.132431027465907,0.382853279587452,0.0890256835971271,0.131103780416086,0.635973285911007,0.0740229164629355,0.117718373808437,NA,0.547150218157379,0.418729555867135,0.0998171650191191,0.619695084131666,0.628794079992566,NA,0.60719482069036,0.152278431694453,NA,0.373542312803285,0.118251072760011,0.110639904260197,0.103464056990442,0.543448980335478,0.370670509298868,0.0815864519265903,NA,NA,0.11402835238571,NA,0.407780919328263,0.0506153614699549,0.571560944811373,NA,NA,0.0889317441321038,0.621306393546495,0.0357387790731297,0,0.371284054835682,0.0601257018826072,0.535480755489364,NA,0.106016229048502,0.646151735535904,NA,0.651403056621937,0.0896679570587636,0.100982709362858,0.356391960336486,0.376373414444045,0.571331130170016,0.288179874791802,0.57026805453477
0.360042819984049,0.0477927995035766,0.327817193901599,0.398735271374072,0.329241973704381,NA,0.0378488789300484,0.306447875684297,0.340545520475314,NA,0.395616547181902,0.313341920379277,0.396707202318569,0.372879462929962,0.347280652939314,0.413388716390719,0.427593610716712,NA,0.282899469657466,0.288869031417752,0.407192365336996,0.345002385457838,0.361842442976183,NA,0.317155904353746,0.32547430316948,NA,0.0119204201788937,0.410618663214803,0.473326343259718,0.279940738512336,0.311371986661987,0.0217832967605059,0.440212132541044,NA,NA,0.361514449960294,NA,0.0373787944495881,0.355077497479869,0.360546514208271,NA,NA,0.418678496507133,0.413660427076214,0.406205457960446,0.371284054835682,0,0.407759238383786,0.226109387381791,NA,0.283620728268089,0.428652779545714,NA,0.34169153237348,0.317977922944372,0.3267007452847,0.2868184512889,0.0102687445706351,0.277119825845063,0.292502093094114,0.312768381078694
0.59205329741607,0.44655758359037,0.187688710559761,0.0715809306552269,0.141749141726004,NA,0.432568217392749,0.153319897649112,0.6569731258311,NA,0.0883787426748044,0.37151257517298,0.0416346934214967,0.0964960861159638,0.646055703546378,0.0145332623736303,0.0606076631394216,NA,0.555919532496033,0.414006900478982,0.0477254856680521,0.627634723397631,0.635037167425559,NA,0.618381179092747,0.212266582826134,NA,0.411414521830251,0.0669560289701733,0.0662051957720443,0.157609748187043,0.54694482641301,0.409760067248061,0.0330612970615974,NA,NA,0.171770952548208,NA,0.443043150040324,0.110204647668545,0.570280174898679,NA,NA,0.0302268204374133,0.617517832605989,0.0420725207051639,0.0601257018826072,0.407759238383786,0,0.552782106941023,NA,0.161920957280298,0.643184321232313,NA,0.665290200288919,0.149395794938175,0.161107861615274,0.348226378143062,0.41388807569379,0.584485462146893,0.276616467855282,0.576903334102423
0.160533140309999,0.183393372049456,0.529764466617032,0.516934535705826,0.518263707452923,NA,0.189007265896623,0.49687569097767,0.116040526117853,NA,0.507062655403288,0.273281757969835,0.527403431653801,0.484466300619442,0.121296190856952,0.553175403559998,0.549834962778654,NA,0.0799806892738299,0.217097499051187,0.534295519575003,0.122267652938422,0.140794506907711,NA,0.0915414157415023,0.533074480363323,NA,0.234600268206786,0.529875204320829,0.617590453238404,0.466727383599079,0.126999637055453,0.244796130295627,0.585405489894744,NA,NA,0.559596887566764,NA,0.199564266654924,0.535805755727029,0.175897834470264,NA,NA,0.552635530218867,0.218393800145432,0.565811723596914,0.535480755489364,0.226109387381791,0.552782106941023,0,NA,0.473352491888282,0.224914038107739,NA,0.119641649871079,0.50844387696771,0.521491990795441,0.267510037823586,0.230695149534196,0.0523666684227134,0.323087062181264,0.105353088777996
