"Abraham Lincoln","Adolf Hitler","Albert Einstein","Alexander the Great","Andrew Jackson","Barack Obama","Benito Mussolini","Benjamin Franklin","Bill Clinton","Bill Gates","Charlemagne","Christopher Columbus","Cleopatra","Constantine the Great","Dwight D. Eisenhower","Elizabeth I of England","Elizabeth II","Fidel Castro","Franklin D. Roosevelt","Gautama Buddha","Genghis Khan","George H. W. Bush","George W. Bush","George Washington","Harry Truman","Henry Ford","Henry VIII of England","Hillary Clinton","Jesus Christ","Joan of Arc","John Adams","John F. Kennedy","Joseph Stalin","Julius Caesar","Karl Marx","Lyndon B. Johnson","Mahatma Gandhi","Malcolm X","Mao Zedong","Margaret Thatcher","Martin Luther King Jr.","Mikhail Gorbachev","Mother Teresa","Napoleon Bonaparte","Nelson Mandela","Pope Francis","Pope John Paul II","Prophet Muhammad","Queen Victoria","Richard Nixon","Robert E. Lee","Ronald Reagan","Rosa Parks","Saddam Hussein","Theodore Roosevelt","Thomas Edison","Thomas Jefferson","Ulysses S. Grant","Vladimir Lenin","Vladimir Putin","Winston Churchill","Woodrow Wilson"
0,0.729791170669034,0.415310314843729,0.268605270043471,0.140936332140618,NA,0.749001058112445,0.429865481862372,0.107353971460061,0.410024379197581,0.594915274794942,0.274285985453663,0.266651166108576,0.554756810935878,0.0596222354620185,0.29021437332355,0.218970134124493,0.736000595579796,0.0711916099777983,0.289774591584037,0.407480699285457,0.132266987506439,0.107654402937738,NA,NA,NA,0.268902627385612,0.171244277218862,NA,NA,0.149732916758708,0.127406685535699,0.725842555076585,0.506455432814547,0.715425444131669,0.108779340880973,NA,NA,NA,0.24046785013684,0.315950900656563,NA,0.334770310533227,0.47450690072952,0.332708257165833,NA,0.352893623961155,0.364265670168734,0.258953554988205,0.149512905330757,0.256779352302181,0.10195930532157,0.318404568933705,0.765490497267911,0.0237305366592661,NA,0.0516153211512252,0.252941807689366,0.730706355707196,0.736573940739617,0.269208116018603,0.0762250808353284
0.729791170669034,0,0.503174038188752,0.48732345131917,0.606602521545176,NA,0.103537039637112,0.527759314611283,0.626543799478575,0.480877581129598,0.136705254157447,0.494881435250393,0.521826274130883,0.30960166315268,0.712005083729306,0.581626007814667,0.722974549288349,0.0559683587742735,0.689704050135623,0.712358583306786,0.633718573308943,0.638589903464559,0.622924925501231,NA,NA,NA,0.589114561380321,0.71690673921714,NA,NA,0.61132587548648,0.625130890085764,0.075824760571319,0.332897997061076,0.0205310894241054,0.711080387430642,NA,NA,NA,0.674084975244759,0.728257336473063,NA,0.722441710024458,0.353228460254024,0.637545097935126,NA,0.630307789136806,0.66295428213631,0.659408704218523,0.581526686220059,0.479844471319288,0.647495409622232,0.636700215046731,0.117121254180453,0.715891787010118,NA,0.769297790288198,0.479010155333087,0.113942195281812,0.138592883257531,0.476068967922548,0.732308287310922
0.415310314843729,0.503174038188752,0,0.191790775196663,0.385473547695845,NA,0.466004542879136,0.0316879378097342,0.323460282532139,0.0255456061511385,0.411558534976343,0.172177508590382,0.159941828825748,0.208885820365233,0.364080904409868,0.132252899147994,0.276877863611698,0.478383030669256,0.427665061566268,0.234871850793576,0.130628943040224,0.283058594465056,0.333432419917322,NA,NA,NA,0.152194632609644,0.297345557223909,NA,NA,0.40531812597655,0.2906798440135,0.542278422968728,0.17247546029066,0.499448876544647,0.330846802346651,NA,NA,NA,0.223322506490586,0.241714749185938,NA,0.230399810833278,0.149966411522735,0.147979056463071,NA,0.134502119465248,0.163726035080473,0.201488763188473,0.335260994219897,0.236214920817762,0.314680380172075,0.152992420484815,0.47609375583146,0.418124339519101,NA,0.466924182125738,0.256753550032197,0.567792963613511,0.586266667743154,0.210454857115696,0.367690457253445
0.268605270043471,0.48732345131917,0.191790775196663,0,0.200304649429116,NA,0.490368983865951,0.218785684024245,0.162159376475955,0.174916564499558,0.361444746619864,0.0219917366887668,0.0519989646177543,0.286715503365338,0.234684901433883,0.138683977812239,0.244261503662221,0.483770277581774,0.258057351576465,0.25664063459982,0.263451711171815,0.154200160617177,0.166259515816169,NA,NA,NA,0.132066478432881,0.230954475021719,NA,NA,0.218588765697398,0.145836933623163,0.499878558540911,0.238603505698269,0.476189416361307,0.225334461604923,NA,NA,NA,0.203464270658707,0.280816675206517,NA,0.28457007181067,0.207026082500201,0.215829351782645,NA,0.223180619316726,0.254936841337378,0.196376674789631,0.151649521142638,0.0463532234636425,0.170973244333932,0.206391077756615,0.505738308447321,0.263003389504198,NA,0.317370324158163,0.0672833768076207,0.514008814971706,0.525977258194652,0.0228504969173422,0.250792262503538
0.140936332140618,0.606602521545176,0.385473547695845,0.200304649429116,0,NA,0.637283628908407,0.408584296822642,0.092377576658121,0.371986375319326,0.470074142480775,0.216042202239273,0.225834649704527,0.475253291067592,0.159258194419304,0.288281784353308,0.290930447317256,0.618864862557785,0.0841022208853622,0.346178525931468,0.422457268278829,0.15445773344806,0.0768445542126925,NA,NA,NA,0.269792732989908,0.248663268670062,NA,NA,0.0213904166798155,0.13074617436965,0.595657464100517,0.428939272565419,0.59081586733172,0.195264421514106,NA,NA,NA,0.285945436818884,0.374734028109579,NA,0.388682762621548,0.399244681451379,0.354616608148647,NA,0.370649319402469,0.393147452884162,0.295676061691536,0.0502577478504142,0.167193328193221,0.126050717905439,0.34090471520302,0.65473751755366,0.120305794778045,NA,0.167548344519778,0.153582649848354,0.597619773409789,0.601876842515185,0.189281822788923,0.186563908615151
NA,NA,NA,NA,NA,0,NA,NA,NA,NA,NA,NA,NA,NA,NA,NA,NA,NA,NA,NA,NA,NA,NA,NA,NA,NA,NA,NA,NA,NA,NA,NA,NA,NA,NA,NA,NA,NA,NA,NA,NA,NA,NA,NA,NA,NA,NA,NA,NA,NA,NA,NA,NA,NA,NA,NA,NA,NA,NA,NA,NA,NA
0.749001058112445,0.103537039637112,0.466004542879136,0.490368983865951,0.637283628908407,NA,0,0.486282322462354,0.642530493180065,0.446721953375805,0.191894378224874,0.493433062235681,0.516189310490056,0.258922372189274,0.723410841189921,0.563121023036497,0.711232355243549,0.0476873698347707,0.717510924044853,0.690271759254065,0.593695992091829,0.64456081570869,0.641388820150881,NA,NA,NA,0.57401199981624,0.712042302475591,NA,NA,0.645222479631024,0.634636263917463,0.17935796440098,0.294201236384251,0.120331605749037,0.715336306804745,NA,NA,NA,0.65950885382437,0.702642964634164,NA,0.694012302572975,0.321036227661261,0.609266016486709,NA,0.598931667034833,0.629559422412912,0.642313924852792,0.60540917113374,0.492689420232575,0.658752174969766,0.610726817945743,0.0187053767585838,0.737890747561363,NA,0.792576519529138,0.49625341156554,0.217418746609719,0.2419784169135,0.483592639991748,0.740928209736389
0.429865481862372,0.527759314611283,0.0316879378097342,0.218785684024245,0.408584296822642,NA,0.486282322462354,0,0.34223940760888,0.0569365636411726,0.439923689639211,0.19836969483845,0.182863991078582,0.227572556897854,0.37656217248298,0.141097830152199,0.276726028184897,0.500874480673167,0.446578722374478,0.227551631480449,0.107415666933828,0.297877736217394,0.353073102863583,NA,NA,NA,0.162159376475955,0.30180247325578,NA,NA,0.428822450490705,0.307650885726674,0.56908375646298,0.195222005460448,0.52480334856398,0.340327277974039,NA,NA,NA,0.22441470835961,0.230744613386982,NA,0.217224401534037,0.17559583174621,0.13942247156751,NA,0.122669485122627,0.147717194753376,0.201863463985014,0.358333067997932,0.264029470618264,0.330751670636287,0.147144242547121,0.495549933521064,0.434212847211418,NA,0.481352660620525,0.284772256159801,0.595401593299057,0.614295549250238,0.238370848777279,0.378008135279178
0.107353971460061,0.626543799478575,0.323460282532139,0.162159376475955,0.092377576658121,NA,0.642530493180065,0.34223940760888,0,0.314627083714088,0.493015400305055,0.169734824278339,0.166900832598924,0.44884648376562,0.0886842142361853,0.210249151642552,0.198765900788021,0.630688697338448,0.104349700947621,0.254392147302783,0.340685404348598,0.0624710470499257,0.015550506142696,NA,NA,NA,0.189997999693213,0.157695725946651,NA,NA,0.112714538810297,0.0401495153708798,0.62654148638277,0.400675960924013,0.612862848206103,0.109958683443834,NA,NA,NA,0.194721861505343,0.282913735225066,NA,0.297449285052282,0.368950143581732,0.269623086528243,NA,0.287202504678237,0.306790989427774,0.205989436731945,0.0630253589527196,0.149875267509891,0.0350388992601702,0.255492529475526,0.658852738609556,0.100928655071346,NA,0.155223886266145,0.147687758825355,0.633832581523098,0.641376876678831,0.161876969930633,0.113488853440432
0.410024379197581,0.480877581129598,0.0255456061511385,0.174916564499558,0.371986375319326,NA,0.446721953375805,0.0569365636411726,0.314627083714088,0,0.387026921012492,0.156558607429304,0.148493029363342,0.191866324595291,0.360889274945065,0.135586021693421,0.284687908924754,0.457521568324157,0.418255039890333,0.248225770644213,0.153966363043271,0.278278599960119,0.323695741389307,NA,NA,NA,0.153882970026742,0.301384410369444,NA,NA,0.391357637506848,0.283812421409119,0.518571876332367,0.152528908698012,0.476658744147197,0.330468617171269,NA,NA,NA,0.230767043607579,0.257413917194743,NA,0.247580199733468,0.127899732242922,0.16344506877142,NA,0.152213676152369,0.183240621368203,0.209796679112162,0.322000838233048,0.217955151744609,0.308498318792464,0.166621492154352,0.457387151108876,0.411419668645681,NA,0.46157625205446,0.238128401007641,0.543616471261559,0.561856328660997,0.192221009025026,0.36637728091234
0.594915274794942,0.136705254157447,0.411558534976343,0.361444746619864,0.470074142480775,NA,0.191894378224874,0.439923689639211,0.493015400305055,0.387026921012492,0,0.37167010955848,0.40082423133011,0.252787061390824,0.579612410592946,0.469066673462035,0.602832016870248,0.158660370886292,0.553356283223767,0.600222067303433,0.540527765139045,0.509006426216801,0.488650554544801,NA,NA,NA,0.47362209439316,0.592397317646396,NA,NA,0.474630362818903,0.494066226458625,0.138825727346443,0.256757581807803,0.120832960994874,0.581718906212281,NA,NA,NA,0.55663642908954,0.618867873426667,NA,0.615656990811561,0.266699300470744,0.53231690760005,NA,0.528225936728632,0.562086585201318,0.544120482607567,0.446065216316205,0.348902150342095,0.515543961225402,0.529363707130246,0.210568941855113,0.580423039495357,NA,0.633479710237647,0.346231151373198,0.157921380511856,0.174953253123766,0.347853829821498,0.600887763021627
0.274285985453663,0.494881435250393,0.172177508590382,0.0219917366887668,0.216042202239273,NA,0.493433062235681,0.19836969483845,0.169734824278339,0.156558607429304,0.37167010955848,0,0.0323154826474698,0.280743676533017,0.2362885331385,0.117996534395298,0.231513176011844,0.488926298683566,0.269110428159614,0.239148665954239,0.241487661809689,0.153446437003317,0.175609979769417,NA,NA,NA,0.112876063115013,0.22202547377163,NA,NA,0.235048081807523,0.148559938211449,0.51043291817477,0.232386129979378,0.484485731968735,0.222307838187961,NA,NA,NA,0.188083602296595,0.262545628160889,NA,0.265410649920979,0.200325320490298,0.19486640856012,NA,0.201676713895755,0.233718681117421,0.179342957636369,0.166477293518812,0.0682366716795518,0.17421682427667,0.18582558481003,0.508322226881352,0.270497810192001,NA,0.324134849537902,0.0891197025386833,0.525865457694233,0.538582706963804,0.0446051291935461,0.250336156008159
0.266651166108576,0.521826274130883,0.159941828825748,0.0519989646177543,0.225834649704527,NA,0.516189310490056,0.182863991078582,0.166900832598924,0.148493029363342,0.40082423133011,0.0323154826474698,0,0.293657459722213,0.223307672837147,0.0867463916883729,0.202058238720711,0.513748145564022,0.269947701203441,0.20695906839084,0.214489907469299,0.139031379749123,0.175364585791347,NA,NA,NA,0.080597560313325,0.19622796488463,NA,NA,0.245973589611225,0.139245649736738,0.539649922865055,0.245492508002261,0.512047527423032,0.203390993475249,NA,NA,NA,0.156890183616693,0.230235309184844,NA,0.233168816650206,0.213250809664419,0.163976220485493,NA,0.172004267530575,0.203277972732192,0.147341094882261,0.175578145114016,0.0955764076214115,0.164804916426949,0.154398744293303,0.530550159830221,0.26564300601768,NA,0.317645496080036,0.115728862197995,0.555921842810721,0.56907648029364,0.0746691632247545,0.234387415586866
0.554756810935878,0.30960166315268,0.208885820365233,0.286715503365338,0.475253291067592,NA,0.258922372189274,0.227572556897854,0.44884648376562,0.191866324595291,0.252787061390824,0.280743676533017,0.293657459722213,0,0.516139172339038,0.319246803165111,0.47044836157688,0.276463298263645,0.542621924654114,0.439692084439705,0.334934775821435,0.432204177069502,0.452731949291053,NA,NA,NA,0.333771892490918,0.479832390143078,NA,NA,0.489835448884311,0.429227812242961,0.361995362458558,0.0483684677248877,0.310213603960377,0.496445285769428,NA,NA,NA,0.416893057870306,0.449255898368262,NA,0.438948900275388,0.0805615895810547,0.355261738402714,NA,0.343151659387305,0.372520298589156,0.397423980519269,0.431398666154954,0.309028710497235,0.454922168255105,0.358369466023073,0.267977891420238,0.549718097893216,NA,0.604007493637122,0.321688847711976,0.393592188475566,0.415536078315148,0.290031687866773,0.528043258196337
0.0596222354620185,0.712005083729306,0.364080904409868,0.234684901433883,0.159258194419304,NA,0.723410841189921,0.37656217248298,0.0886842142361853,0.360889274945065,0.579612410592946,0.2362885331385,0.223307672837147,0.516139172339038,0,0.235759592121214,0.160392954495009,0.71387611480207,0.115513985585836,0.230399810833278,0.348994707405386,0.0843062960953797,0.0975425754290175,NA,NA,NA,0.214527548876821,0.112631851642081,NA,NA,0.174349872274453,0.08895228031227,0.714135922702016,0.467802626420725,0.698857372410854,0.0497526320370681,NA,NA,NA,0.180969082448083,0.256847876995043,NA,0.275430168440296,0.435578186011083,0.274097971181605,NA,0.294514226612755,0.304974328522442,0.199791322901555,0.14798605175271,0.232469860854918,0.0647749560389658,0.259863398920182,0.739220612858469,0.075441528280916,NA,0.107700548781446,0.233387143715071,0.722063040761563,0.729865210614169,0.23982038826769,0.0273083186611743
0.29021437332355,0.581626007814667,0.132252899147994,0.138683977812239,0.288281784353308,NA,0.563121023036497,0.141097830152199,0.210249151642552,0.135586021693421,0.469066673462035,0.117996534395298,0.0867463916883729,0.319246803165111,0.235759592121214,0,0.151229815371109,0.566939079861773,0.313173412646964,0.131273996933312,0.134967714868896,0.159440090993559,0.223002437096658,NA,NA,NA,0.0213128446503104,0.165870539976694,NA,NA,0.30952207549627,0.172536668831165,0.607063789841277,0.274418046917853,0.573948516160454,0.199463595300403,NA,NA,NA,0.0976783223162052,0.150404785782431,NA,0.149992639683736,0.244240312731241,0.0772851432969405,NA,0.0869942526456481,0.116868198572031,0.0792139640702016,0.239626067768919,0.181718024013101,0.193633249980917,0.0678349896013348,0.57574139269851,0.296168601270339,NA,0.341450253877788,0.201302693969337,0.626399049316071,0.641249035317187,0.161410752632671,0.236960499752467
0.218970134124493,0.722974549288349,0.276877863611698,0.244261503662221,0.290930447317256,NA,0.711232355243549,0.276726028184897,0.198765900788021,0.284687908924754,0.602832016870248,0.231513176011844,0.202058238720711,0.47044836157688,0.160392954495009,0.151229815371109,0,0.712339982439332,0.272512466535248,0.0735404563146567,0.214026086464516,0.138613795497669,0.214203036682225,NA,NA,NA,0.13760341402446,0.0477741215343397,NA,NA,0.310701755753593,0.163331025821507,0.741653808659447,0.425297025681988,0.71367771564657,0.110643790903557,NA,NA,NA,0.0539338309890464,0.0975828949950462,NA,0.117424906309229,0.394695802861369,0.143795396031873,NA,0.164724496810009,0.162272966992435,0.0753976062754284,0.256789833733795,0.270845838493534,0.165005793993578,0.132332713347568,0.724465557433736,0.235782423343571,NA,0.261474929692913,0.283692031279512,0.75737472262566,0.769916525672469,0.262021493085249,0.144284096533531
0.736000595579796,0.0559683587742735,0.478383030669256,0.483770277581774,0.618864862557785,NA,0.0476873698347707,0.500874480673167,0.630688697338448,0.457521568324157,0.158660370886292,0.488926298683566,0.513748145564022,0.276463298263645,0.71387611480207,0.566939079861773,0.712339982439332,0,0.700589470659228,0.696197024318837,0.607968590451196,0.63727713141776,0.6284274593003,NA,NA,NA,0.57626401278899,0.709948049022118,NA,NA,0.62541167487991,0.625706561834699,0.131777712139655,0.306009198402802,0.0727592932319758,0.709044321817232,NA,NA,NA,0.661802793689729,0.710275464547387,NA,0.70296612514187,0.329888602453815,0.617909342602976,NA,0.60903014100115,0.640724489800185,0.645742088915846,0.589899498296171,0.481631293373816,0.649103350529298,0.618271100564714,0.0625240503871091,0.723611435685706,NA,0.777845837117849,0.483231170773202,0.169910379284081,0.194546347725918,0.474902476771954,0.732705397338716
0.0711916099777983,0.689704050135623,0.427665061566268,0.258057351576465,0.0841022208853622,NA,0.717510924044853,0.446578722374478,0.104349700947621,0.418255039890333,0.553356283223767,0.269110428159614,0.269947701203441,0.542621924654114,0.115513985585836,0.313173412646964,0.272512466535248,0.700589470659228,0,0.338654478383695,0.440652074483338,0.156526866142076,0.094583469543499,NA,NA,NA,0.292481943531131,0.225410708685839,NA,NA,0.0859310879624971,0.140642224282234,0.67970122112016,0.49509433219535,0.674168204124478,0.163400728193328,NA,NA,NA,0.283397041956648,0.366291942372121,NA,0.383447670307258,0.464120544556339,0.367670186106152,NA,0.386404820803012,0.40288195456153,0.298610793702299,0.113330029393926,0.234571954211635,0.121402185108037,0.353319298007809,0.734700690581999,0.0474610733185322,NA,0.0844167330344883,0.225260946016619,0.681700408848188,0.685823196080776,0.25260107677418,0.139515992398166
0.289774591584037,0.712358583306786,0.234871850793576,0.25664063459982,0.346178525931468,NA,0.690271759254065,0.227551631480449,0.254392147302783,0.248225770644213,0.600222067303433,0.239148665954239,0.20695906839084,0.439692084439705,0.230399810833278,0.131273996933312,0.0735404563146567,0.696197024318837,0.338654478383695,0,0.148036408080144,0.191927821424023,0.269884804044025,NA,NA,NA,0.127865734224853,0.119489028971793,NA,NA,0.366930651285883,0.215444345681646,0.73831682305595,0.39779055696785,0.704978337245593,0.181012550809822,NA,NA,NA,0.0611411890963351,0.0285608559401912,NA,0.0450485126740861,0.369405515905946,0.0881291933030516,NA,0.106190544728134,0.0941886388653593,0.0605012347468133,0.306193845877875,0.292401236396181,0.223548597745541,0.0819047363359061,0.702126836902234,0.305093785233275,NA,0.33394366928069,0.308841735734081,0.75738210331723,0.771926672619215,0.277670841417823,0.216537083529619
0.407480699285457,0.633718573308943,0.130628943040224,0.263451711171815,0.422457268278829,NA,0.593695992091829,0.107415666933828,0.340685404348598,0.153966363043271,0.540527765139045,0.241487661809689,0.214489907469299,0.334934775821435,0.348994707405386,0.134967714868896,0.214026086464516,0.607968590451196,0.440652074483338,0.148036408080144,0,0.284152156867312,0.354408119196909,NA,NA,NA,0.152670008551217,0.251655929265562,NA,NA,0.44378091006084,0.301321204297485,0.672535225324721,0.30202945353866,0.630077819332533,0.304270212348853,NA,NA,NA,0.171525745395056,0.140928986924606,NA,0.12288027352518,0.280571058713876,0.0749376337549457,NA,0.0546317980824802,0.0540680187979864,0.150340075118721,0.374293435923524,0.309245700611702,0.319277281889425,0.0891313174043687,0.602895549780459,0.417483117864654,NA,0.456672764606708,0.329818932143369,0.697448470733504,0.71545669744768,0.286040994238994,0.342707315510856
0.132266987506439,0.638589903464559,0.283058594465056,0.154200160617177,0.15445773344806,NA,0.64456081570869,0.297877736217394,0.0624710470499257,0.278278599960119,0.509006426216801,0.153446437003317,0.139031379749123,0.432204177069502,0.0843062960953797,0.159440090993559,0.138613795497669,0.63727713141776,0.156526866142076,0.191927821424023,0.284152156867312,0,0.0779572934486333,NA,NA,NA,0.138254862275558,0.101812998845071,NA,NA,0.175057359581695,0.0247218680631297,0.64580781214325,0.383907417862772,0.626467462807599,0.0727137510676,NA,NA,NA,0.132353050445513,0.220456144628491,NA,0.235027821965366,0.351662967017227,0.211245296066041,NA,0.229878034792453,0.247111462289213,0.144469082655059,0.118184126974463,0.160356807857884,0.0351274187256778,0.196920983636967,0.659933143632159,0.136761278110796,NA,0.183874506034462,0.166299359331353,0.656513487814056,0.666132057462255,0.162664181743061,0.0969293618569857
0.107654402937738,0.622924925501231,0.333432419917322,0.166259515816169,0.0768445542126925,NA,0.641388820150881,0.353073102863583,0.015550506142696,0.323695741389307,0.488650554544801,0.175609979769417,0.175364585791347,0.452731949291053,0.0975425754290175,0.223002437096658,0.214203036682225,0.6284274593003,0.094583469543499,0.269884804044025,0.354408119196909,0.0779572934486333,0,NA,NA,NA,0.203048683629415,0.172757319382584,NA,NA,0.0971682936511317,0.0551485382496178,0.621115914859555,0.404745626578524,0.608874426725487,0.123294052634525,NA,NA,NA,0.210113216587479,0.298413128902176,NA,0.312861222027789,0.373268172083809,0.283881713778029,NA,0.301184441439828,0.321338543275163,0.221098510287115,0.0507863815376978,0.149643014068671,0.0498482503025784,0.269816521022016,0.657924455885514,0.0978879349627714,NA,0.152852972740838,0.14529076857636,0.62754291928011,0.634559269421701,0.163849911967046,0.123517185181114
NA,NA,NA,NA,NA,NA,NA,NA,NA,NA,NA,NA,NA,NA,NA,NA,NA,NA,NA,NA,NA,NA,NA,0,NA,NA,NA,NA,NA,NA,NA,NA,NA,NA,NA,NA,NA,NA,NA,NA,NA,NA,NA,NA,NA,NA,NA,NA,NA,NA,NA,NA,NA,NA,NA,NA,NA,NA,NA,NA,NA,NA
NA,NA,NA,NA,NA,NA,NA,NA,NA,NA,NA,NA,NA,NA,NA,NA,NA,NA,NA,NA,NA,NA,NA,NA,0,NA,NA,NA,NA,NA,NA,NA,NA,NA,NA,NA,NA,NA,NA,NA,NA,NA,NA,NA,NA,NA,NA,NA,NA,NA,NA,NA,NA,NA,NA,NA,NA,NA,NA,NA,NA,NA
NA,NA,NA,NA,NA,NA,NA,NA,NA,NA,NA,NA,NA,NA,NA,NA,NA,NA,NA,NA,NA,NA,NA,NA,NA,0,NA,NA,NA,NA,NA,NA,NA,NA,NA,NA,NA,NA,NA,NA,NA,NA,NA,NA,NA,NA,NA,NA,NA,NA,NA,NA,NA,NA,NA,NA,NA,NA,NA,NA,NA,NA
0.268902627385612,0.589114561380321,0.152194632609644,0.132066478432881,0.269792732989908,NA,0.57401199981624,0.162159376475955,0.189997999693213,0.153882970026742,0.47362209439316,0.112876063115013,0.080597560313325,0.333771892490918,0.214527548876821,0.0213128446503104,0.13760341402446,0.57626401278899,0.292481943531131,0.127865734224853,0.152670008551217,0.138254862275558,0.203048683629415,NA,NA,NA,0,0.147917483649288,NA,NA,0.291111857574746,0.151854167254109,0.612102285542691,0.288046846081841,0.58078426291379,0.178834293769757,NA,NA,NA,0.0855834415220426,0.149992639683736,NA,0.152585907037667,0.257215180150374,0.0889033894393346,NA,0.101975548639392,0.128944408092357,0.0705635867857468,0.221734346541644,0.172551067685271,0.172581061439549,0.0771430330029001,0.587062818517201,0.274944905451194,NA,0.320138562080401,0.191275165530337,0.630315672328137,0.644499462631144,0.154249830504314,0.216107357734302
0.171244277218862,0.71690673921714,0.297345557223909,0.230954475021719,0.248663268670062,NA,0.712042302475591,0.30180247325578,0.157695725946651,0.301384410369444,0.592397317646396,0.22202547377163,0.19622796488463,0.479832390143078,0.112631851642081,0.165870539976694,0.0477741215343397,0.709948049022118,0.225410708685839,0.119489028971793,0.251655929265562,0.101812998845071,0.172757319382584,NA,NA,NA,0.147917483649288,0,NA,NA,0.267742922037947,0.125981714731049,0.730803533845054,0.433122926606076,0.706419700565945,0.0628938230502793,NA,NA,NA,0.0807130719484414,0.14487550650539,NA,0.164173067731404,0.401560121980949,0.178113912175853,NA,0.199353540683577,0.202477903709563,0.103112245842327,0.218407785286822,0.250318787720759,0.122920703535112,0.16501834072236,0.726124598326931,0.188042869518143,NA,0.214466740242502,0.260369614396255,0.744325810032716,0.755548661490428,0.245761389479356,0.0970702321200858
NA,NA,NA,NA,NA,NA,NA,NA,NA,NA,NA,NA,NA,NA,NA,NA,NA,NA,NA,NA,NA,NA,NA,NA,NA,NA,NA,NA,0,NA,NA,NA,NA,NA,NA,NA,NA,NA,NA,NA,NA,NA,NA,NA,NA,NA,NA,NA,NA,NA,NA,NA,NA,NA,NA,NA,NA,NA,NA,NA,NA,NA
NA,NA,NA,NA,NA,NA,NA,NA,NA,NA,NA,NA,NA,NA,NA,NA,NA,NA,NA,NA,NA,NA,NA,NA,NA,NA,NA,NA,NA,0,NA,NA,NA,NA,NA,NA,NA,NA,NA,NA,NA,NA,NA,NA,NA,NA,NA,NA,NA,NA,NA,NA,NA,NA,NA,NA,NA,NA,NA,NA,NA,NA
0.149732916758708,0.61132587548648,0.40531812597655,0.218588765697398,0.0213904166798155,NA,0.645222479631024,0.428822450490705,0.112714538810297,0.391357637506848,0.474630362818903,0.235048081807523,0.245973589611225,0.489835448884311,0.174349872274453,0.30952207549627,0.310701755753593,0.62541167487991,0.0859310879624971,0.366930651285883,0.44378091006084,0.175057359581695,0.0971682936511317,NA,NA,NA,0.291111857574746,0.267742922037947,NA,NA,0,0.151601730633944,0.597759716601984,0.444015977853549,0.595092037359332,0.212815421006679,NA,NA,NA,0.306860490523241,0.395475557303966,NA,0.409620736467169,0.414786050387106,0.376007008928211,NA,0.392025748977416,0.414528414313117,0.316848015287253,0.0707159921183372,0.183421309809854,0.145696321325692,0.362293215677502,0.662873393242741,0.127599914289076,NA,0.170319303931382,0.168472555627186,0.598356186078466,0.60173820088695,0.206407127141561,0.201525750947952
0.127406685535699,0.625130890085764,0.2906798440135,0.145836933623163,0.13074617436965,NA,0.634636263917463,0.307650885726674,0.0401495153708798,0.283812421409119,0.494066226458625,0.148559938211449,0.139245649736738,0.429227812242961,0.08895228031227,0.172536668831165,0.163331025821507,0.625706561834699,0.140642224282234,0.215444345681646,0.301321204297485,0.0247218680631297,0.0551485382496178,NA,NA,NA,0.151854167254109,0.125981714731049,NA,NA,0.151601730633944,0,0.629979563785902,0.380860218992859,0.612470515808742,0.0902462668374879,NA,NA,NA,0.155261227912292,0.244002848570215,NA,0.258025258084204,0.348732992272036,0.229746504477689,NA,0.247580199733468,0.266713273335884,0.165950404221692,0.0934626657784577,0.145354878447211,0.025739380908885,0.215568275534433,0.650373152818694,0.127627494515117,NA,0.178513323291136,0.1488453562233,0.639622644531952,0.648614843285001,0.1510873705336,0.107201508730521
0.725842555076585,0.075824760571319,0.542278422968728,0.499878558540911,0.595657464100517,NA,0.17935796440098,0.56908375646298,0.62654148638277,0.518571876332367,0.138825727346443,0.51043291817477,0.539649922865055,0.361995362458558,0.714135922702016,0.607063789841277,0.741653808659447,0.131777712139655,0.67970122112016,0.73831682305595,0.672535225324721,0.64580781214325,0.621115914859555,NA,NA,NA,0.612102285542691,0.730803533845054,NA,NA,0.597759716601984,0.629979563785902,0,0.377844336612681,0.0612528316981039,0.718481807467745,NA,NA,NA,0.69537457585647,0.75642939954527,NA,0.752577639308006,0.393573777451447,0.668642039666127,NA,0.663552678286634,0.697093647147195,0.68264124666609,0.576341610556761,0.485453953045961,0.650677727548806,0.666273458040686,0.192556762742485,0.710002288562421,NA,0.761786210920921,0.481347499233647,0.0382481051212038,0.0630516332045969,0.485704658263196,0.736237411163344
0.506455432814547,0.332897997061076,0.17247546029066,0.238603505698269,0.428939272565419,NA,0.294201236384251,0.195222005460448,0.400675960924013,0.152528908698012,0.256757581807803,0.232386129979378,0.245492508002261,0.0483684677248877,0.467802626420725,0.274418046917853,0.425297025681988,0.306009198402802,0.49509433219535,0.39779055696785,0.30202945353866,0.383907417862772,0.404745626578524,NA,NA,NA,0.288046846081841,0.433122926606076,NA,NA,0.444015977853549,0.380860218992859,0.377844336612681,0,0.330751670636287,0.44849394056987,NA,NA,NA,0.372059278742742,0.408955044664242,NA,0.399886155315448,0.0322513518387849,0.315295596808838,NA,0.304731877616297,0.335563451060296,0.353193290980406,0.384379542707468,0.262173157905557,0.406555945464383,0.31729072761724,0.305063925440889,0.501575444111146,NA,0.555794833233633,0.275583469102503,0.406631815737228,0.427109428508483,0.242521966540083,0.47985223762909
0.715425444131669,0.0205310894241054,0.499448876544647,0.476189416361307,0.59081586733172,NA,0.120331605749037,0.52480334856398,0.612862848206103,0.476658744147197,0.120832960994874,0.484485731968735,0.512047527423032,0.310213603960377,0.698857372410854,0.573948516160454,0.71367771564657,0.0727592932319758,0.674168204124478,0.704978337245593,0.630077819332533,0.626467462807599,0.608874426725487,NA,NA,NA,0.58078426291379,0.706419700565945,NA,NA,0.595092037359332,0.612470515808742,0.0612528316981039,0.330751670636287,0,0.699077154999784,NA,NA,NA,0.665411536109804,0.721509442235538,NA,0.716249149465209,0.349556642572764,0.631544245156008,NA,0.624934795734305,0.657887007809747,0.651233042326612,0.566765226390051,0.467115693485858,0.634503475199628,0.630256545989722,0.135042858386328,0.701139802857603,NA,0.754282720205202,0.465581396884473,0.0993553439460245,0.124194179932531,0.464231159894892,0.719562163435493
0.108779340880973,0.711080387430642,0.330846802346651,0.225334461604923,0.195264421514106,NA,0.715336306804745,0.340327277974039,0.109958683443834,0.330468617171269,0.581718906212281,0.222307838187961,0.203390993475249,0.496445285769428,0.0497526320370681,0.199463595300403,0.110643790903557,0.709044321817232,0.163400728193328,0.181012550809822,0.304270212348853,0.0727137510676,0.123294052634525,NA,NA,NA,0.178834293769757,0.0628938230502793,NA,NA,0.212815421006679,0.0902462668374879,0.718481807467745,0.44849394056987,0.699077154999784,0,NA,NA,NA,0.133934467269789,0.207218002892917,NA,0.225995025752976,0.416306637407926,0.229402909226567,NA,0.250245993216403,0.258313154477744,0.15403089437077,0.172982475986675,0.233030259353639,0.0759775122403524,0.21541743676157,0.730436285612554,0.125149054808372,NA,0.154110177107767,0.23833957905242,0.72895464991114,0.738326637565661,0.235022536501923,0.0385715165014501
NA,NA,NA,NA,NA,NA,NA,NA,NA,NA,NA,NA,NA,NA,NA,NA,NA,NA,NA,NA,NA,NA,NA,NA,NA,NA,NA,NA,NA,NA,NA,NA,NA,NA,NA,NA,0,NA,NA,NA,NA,NA,NA,NA,NA,NA,NA,NA,NA,NA,NA,NA,NA,NA,NA,NA,NA,NA,NA,NA,NA,NA
NA,NA,NA,NA,NA,NA,NA,NA,NA,NA,NA,NA,NA,NA,NA,NA,NA,NA,NA,NA,NA,NA,NA,NA,NA,NA,NA,NA,NA,NA,NA,NA,NA,NA,NA,NA,NA,0,NA,NA,NA,NA,NA,NA,NA,NA,NA,NA,NA,NA,NA,NA,NA,NA,NA,NA,NA,NA,NA,NA,NA,NA
NA,NA,NA,NA,NA,NA,NA,NA,NA,NA,NA,NA,NA,NA,NA,NA,NA,NA,NA,NA,NA,NA,NA,NA,NA,NA,NA,NA,NA,NA,NA,NA,NA,NA,NA,NA,NA,NA,0,NA,NA,NA,NA,NA,NA,NA,NA,NA,NA,NA,NA,NA,NA,NA,NA,NA,NA,NA,NA,NA,NA,NA
0.24046785013684,0.674084975244759,0.223322506490586,0.203464270658707,0.285945436818884,NA,0.65950885382437,0.22441470835961,0.194721861505343,0.230767043607579,0.55663642908954,0.188083602296595,0.156890183616693,0.416893057870306,0.180969082448083,0.0976783223162052,0.0539338309890464,0.661802793689729,0.283397041956648,0.0611411890963351,0.171525745395056,0.132353050445513,0.210113216587479,NA,NA,NA,0.0855834415220426,0.0807130719484414,NA,NA,0.306860490523241,0.155261227912292,0.69537457585647,0.372059278742742,0.665411536109804,0.133934467269789,NA,NA,NA,0,0.0895207009235486,NA,0.102766311609006,0.341716940901148,0.0974725070694456,NA,0.118696297590506,0.124379083281125,0.0227688066966764,0.245204756928521,0.235801740343553,0.16524527184361,0.0843062960953797,0.67245641255463,0.253367076963987,NA,0.287798767515614,0.25114863762049,0.712464947687948,0.725878493877459,0.223252965221997,0.171974173178577
0.315950900656563,0.728257336473063,0.241714749185938,0.280816675206517,0.374734028109579,NA,0.702642964634164,0.230744613386982,0.282913735225066,0.257413917194743,0.618867873426667,0.262545628160889,0.230235309184844,0.449255898368262,0.256847876995043,0.150404785782431,0.0975828949950462,0.710275464547387,0.366291942372121,0.0285608559401912,0.140928986924606,0.220456144628491,0.298413128902176,NA,NA,NA,0.149992639683736,0.14487550650539,NA,NA,0.395475557303966,0.244002848570215,0.75642939954527,0.408955044664242,0.721509442235538,0.207218002892917,NA,NA,NA,0.0895207009235486,0,NA,0.0213128446503104,0.38165793410527,0.0940038170262596,NA,0.108153267532408,0.0874878679487578,0.0865289309354574,0.334684335995138,0.31797512761128,0.251911657589421,0.0920272860927327,0.713957024942848,0.33188396570554,NA,0.359053408130152,0.334908812987436,0.776436541959913,0.791522583171446,0.302292564546267,0.241800387111186
NA,NA,NA,NA,NA,NA,NA,NA,NA,NA,NA,NA,NA,NA,NA,NA,NA,NA,NA,NA,NA,NA,NA,NA,NA,NA,NA,NA,NA,NA,NA,NA,NA,NA,NA,NA,NA,NA,NA,NA,NA,0,NA,NA,NA,NA,NA,NA,NA,NA,NA,NA,NA,NA,NA,NA,NA,NA,NA,NA,NA,NA
0.334770310533227,0.722441710024458,0.230399810833278,0.28457007181067,0.388682762621548,NA,0.694012302572975,0.217224401534037,0.297449285052282,0.247580199733468,0.615656990811561,0.265410649920979,0.233168816650206,0.438948900275388,0.275430168440296,0.149992639683736,0.117424906309229,0.70296612514187,0.383447670307258,0.0450485126740861,0.12288027352518,0.235027821965366,0.312861222027789,NA,NA,NA,0.152585907037667,0.164173067731404,NA,NA,0.409620736467169,0.258025258084204,0.752577639308006,0.399886155315448,0.716249149465209,0.225995025752976,NA,NA,NA,0.102766311609006,0.0213128446503104,NA,0,0.373479436982671,0.0850666095260504,NA,0.0958986260127364,0.070824234676607,0.0954636995543494,0.347273043006185,0.323552439013266,0.267393952213106,0.0863133209825964,0.704911669336256,0.350140737072142,NA,0.378615050615135,0.341219765528658,0.773474017412607,0.789087572677401,0.306547949193791,0.261238866371911
0.47450690072952,0.353228460254024,0.149966411522735,0.207026082500201,0.399244681451379,NA,0.321036227661261,0.17559583174621,0.368950143581732,0.127899732242922,0.266699300470744,0.200325320490298,0.213250809664419,0.0805615895810547,0.435578186011083,0.244240312731241,0.394695802861369,0.329888602453815,0.464120544556339,0.369405515905946,0.280571058713876,0.351662967017227,0.373268172083809,NA,NA,NA,0.257215180150374,0.401560121980949,NA,NA,0.414786050387106,0.348732992272036,0.393573777451447,0.0322513518387849,0.349556642572764,0.416306637407926,NA,NA,NA,0.341716940901148,0.38165793410527,NA,0.373479436982671,0,0.288529447620371,NA,0.279156609613646,0.31090625795242,0.323283575846996,0.354007733539773,0.23214456660688,0.374439436051836,0.289703850107188,0.332721324692718,0.469873262110228,NA,0.523987672782629,0.246343659573093,0.420481070363538,0.439934984334867,0.21175725474971,0.447603504617743
0.332708257165833,0.637545097935126,0.147979056463071,0.215829351782645,0.354616608148647,NA,0.609266016486709,0.13942247156751,0.269623086528243,0.16344506877142,0.53231690760005,0.19486640856012,0.163976220485493,0.355261738402714,0.274097971181605,0.0772851432969405,0.143795396031873,0.617909342602976,0.367670186106152,0.0881291933030516,0.0749376337549457,0.211245296066041,0.283881713778029,NA,NA,NA,0.0889033894393346,0.178113912175853,NA,NA,0.376007008928211,0.229746504477689,0.668642039666127,0.315295596808838,0.631544245156008,0.229402909226567,NA,NA,NA,0.0974725070694456,0.0940038170262596,NA,0.0850666095260504,0.288529447620371,0,NA,0.0212447367781148,0.0400514195781852,0.0757045251826772,0.307977097474688,0.258972742536686,0.246320966746494,0.0143887513527568,0.620358128306408,0.343119077631058,NA,0.381760446269724,0.278441485839034,0.690230966986188,0.706325909337726,0.238604373396287,0.267878209190931
NA,NA,NA,NA,NA,NA,NA,NA,NA,NA,NA,NA,NA,NA,NA,NA,NA,NA,NA,NA,NA,NA,NA,NA,NA,NA,NA,NA,NA,NA,NA,NA,NA,NA,NA,NA,NA,NA,NA,NA,NA,NA,NA,NA,NA,0,NA,NA,NA,NA,NA,NA,NA,NA,NA,NA,NA,NA,NA,NA,NA,NA
0.352893623961155,0.630307789136806,0.134502119465248,0.223180619316726,0.370649319402469,NA,0.598931667034833,0.122669485122627,0.287202504678237,0.152213676152369,0.528225936728632,0.201676713895755,0.172004267530575,0.343151659387305,0.294514226612755,0.0869942526456481,0.164724496810009,0.60903014100115,0.386404820803012,0.106190544728134,0.0546317980824802,0.229878034792453,0.301184441439828,NA,NA,NA,0.101975548639392,0.199353540683577,NA,NA,0.392025748977416,0.247580199733468,0.663552678286634,0.304731877616297,0.624934795734305,0.250245993216403,NA,NA,NA,0.118696297590506,0.108153267532408,NA,0.0958986260127364,0.279156609613646,0.0212447367781148,NA,0,0.0342681941553325,0.0968160903799589,0.323257317700388,0.267566559588365,0.265003145895862,0.0348314790064958,0.609563279844835,0.362857949701102,NA,0.402210257013736,0.287533914461764,0.686098455214925,0.702753745593957,0.246030818607625,0.288758974388729
0.364265670168734,0.66295428213631,0.163726035080473,0.254936841337378,0.393147452884162,NA,0.629559422412912,0.147717194753376,0.306790989427774,0.183240621368203,0.562086585201318,0.233718681117421,0.203277972732192,0.372520298589156,0.304974328522442,0.116868198572031,0.162272966992435,0.640724489800185,0.40288195456153,0.0941886388653593,0.0540680187979864,0.247111462289213,0.321338543275163,NA,NA,NA,0.128944408092357,0.202477903709563,NA,NA,0.414528414313117,0.266713273335884,0.697093647147195,0.335563451060296,0.657887007809747,0.258313154477744,NA,NA,NA,0.124379083281125,0.0874878679487578,NA,0.070824234676607,0.31090625795242,0.0400514195781852,NA,0.0342681941553325,0,0.105384220779455,0.34705477366784,0.298552548205026,0.28195197938789,0.0526006779008396,0.639796116092818,0.376082436006368,NA,0.41210549427056,0.318168447935542,0.719918854273442,0.736705474411307,0.2777625371975,0.296278331530325
0.258953554988205,0.659408704218523,0.201488763188473,0.196376674789631,0.295676061691536,NA,0.642313924852792,0.201863463985014,0.205989436731945,0.209796679112162,0.544120482607567,0.179342957636369,0.147341094882261,0.397423980519269,0.199791322901555,0.0792139640702016,0.0753976062754284,0.645742088915846,0.298610793702299,0.0605012347468133,0.150340075118721,0.144469082655059,0.221098510287115,NA,NA,NA,0.0705635867857468,0.103112245842327,NA,NA,0.316848015287253,0.165950404221692,0.68264124666609,0.353193290980406,0.651233042326612,0.15403089437077,NA,NA,NA,0.0227688066966764,0.0865289309354574,NA,0.0954636995543494,0.323283575846996,0.0757045251826772,NA,0.0968160903799589,0.105384220779455,0,0.252758394272127,0.231934889154942,0.178621150257261,0.0621387518897486,0.654955351706035,0.270741859327758,NA,0.307187541616991,0.248543345857454,0.700665709921622,0.714649750812447,0.217244415672236,0.192401872293915
0.149512905330757,0.581526686220059,0.335260994219897,0.151649521142638,0.0502577478504142,NA,0.60540917113374,0.358333067997932,0.0630253589527196,0.322000838233048,0.446065216316205,0.166477293518812,0.175578145114016,0.431398666154954,0.14798605175271,0.239626067768919,0.256789833733795,0.589899498296171,0.113330029393926,0.306193845877875,0.374293435923524,0.118184126974463,0.0507863815376978,NA,NA,NA,0.221734346541644,0.218407785286822,NA,NA,0.0707159921183372,0.0934626657784577,0.576341610556761,0.384379542707468,0.566765226390051,0.172982475986675,NA,NA,NA,0.245204756928521,0.334684335995138,NA,0.347273043006185,0.354007733539773,0.307977097474688,NA,0.323257317700388,0.34705477366784,0.252758394272127,0,0.122399146268645,0.0975553097238251,0.294545858793166,0.622417202816008,0.134378920795507,NA,0.18802965699231,0.111982947558179,0.581350072598185,0.587570435813422,0.142506762902879,0.174223954423707
0.256779352302181,0.479844471319288,0.236214920817762,0.0463532234636425,0.167193328193221,NA,0.492689420232575,0.264029470618264,0.149875267509891,0.217955151744609,0.348902150342095,0.0682366716795518,0.0955764076214115,0.309028710497235,0.232469860854918,0.181718024013101,0.270845838493534,0.481631293373816,0.234571954211635,0.292401236396181,0.309245700611702,0.160356807857884,0.149643014068671,NA,NA,NA,0.172551067685271,0.250318787720759,NA,NA,0.183421309809854,0.145354878447211,0.485453953045961,0.262173157905557,0.467115693485858,0.233030259353639,NA,NA,NA,0.235801740343553,0.31797512761128,NA,0.323552439013266,0.23214456660688,0.258972742536686,NA,0.267566559588365,0.298552548205026,0.231934889154942,0.122399146268645,0,0.167781725530148,0.248722375996168,0.5089795802939,0.247330037951519,NA,0.30233160056935,0.0209503382035206,0.496434025636592,0.506551081681621,0.0257715350512267,0.252479744301379
