"Abraham Lincoln","Adolf Hitler","Albert Einstein","Alexander the Great","Andrew Jackson","Barack Obama","Benito Mussolini","Benjamin Franklin","Bill Clinton","Bill Gates","Charlemagne","Christopher Columbus","Cleopatra","Constantine the Great","Dwight D. Eisenhower","Elizabeth I of England","Elizabeth II","Fidel Castro","Franklin D. Roosevelt","Gautama Buddha","Genghis Khan","George H. W. Bush","George W. Bush","George Washington","Harry Truman","Henry Ford","Henry VIII of England","Hillary Clinton","Jesus Christ","Joan of Arc","John Adams","John F. Kennedy","Joseph Stalin","Julius Caesar","Karl Marx","Lyndon B. Johnson","Mahatma Gandhi","Malcolm X","Mao Zedong","Margaret Thatcher","Martin Luther King Jr.","Mikhail Gorbachev","Mother Teresa","Napoleon Bonaparte","Nelson Mandela","Pope Francis","Pope John Paul II","Prophet Muhammad","Queen Victoria","Richard Nixon","Robert E. Lee","Ronald Reagan","Rosa Parks","Saddam Hussein","Theodore Roosevelt","Thomas Edison","Thomas Jefferson","Ulysses S. Grant","Vladimir Lenin","Vladimir Putin","Winston Churchill","Woodrow Wilson"
0,NA,0.111245091890236,0.0250309738378818,0.0999037415097629,0.0968783975571302,0.0842910662933516,0.0877101530074061,0.073808867222601,0.0789927515726621,0.0371959349276418,0.0881033034368639,0.0125154869189409,0.0936245876046941,0.0309371097694252,0.0338289926253922,0.0972144179097696,0.363203979118059,0.104528256130638,0.285112684683586,0.0168938864642806,0.0762128934638104,0.0580103089741101,NA,0.0713199495423658,0.0940433986243364,NA,NA,NA,0.0285767873459025,0.0817121701894411,0.0912730472930681,0.368953697088462,0.0312597534769339,NA,0.067459961454612,0.351970837831374,0.110175148516514,0.368842633928733,0.136907026222987,NA,0.27144739509491,0.250769182923498,0.0802737418938765,NA,0.277659131651282,0.281476441598022,0.0134390043894244,0.130210390228309,0.0904910210504004,NA,0.128438855039184,NA,0.0383397834503963,0.0917724764767894,NA,0.0816268524701523,0.113634640662436,0.371156717577216,NA,0.0572315468627015,0.0899070125259405
NA,0,NA,NA,NA,NA,NA,NA,NA,NA,NA,NA,NA,NA,NA,NA,NA,NA,NA,NA,NA,NA,NA,NA,NA,NA,NA,NA,NA,NA,NA,NA,NA,NA,NA,NA,NA,NA,NA,NA,NA,NA,NA,NA,NA,NA,NA,NA,NA,NA,NA,NA,NA,NA,NA,NA,NA,NA,NA,NA,NA,NA
0.111245091890236,NA,0,0.1320151602391,0.0999567341875549,0.110639641166552,0.123939733733673,0.174221403733222,0.0613858026247291,0.054461703336095,0.134475047748744,0.164325750086277,0.121429399605256,0.105776675881076,0.0803084548649667,0.117410421960874,0.125610565349688,0.403363651145434,0.0388237904583373,0.27655879409907,0.119366788853938,0.0421356122709104,0.074758131966171,NA,0.0454514034761392,0.18319992762483,NA,NA,NA,0.130355862401556,0.138324740339459,0.139378562772568,0.413795156958573,0.0994647741199711,NA,0.0492367404824071,0.33811027016128,0.138123100669085,0.403925023300573,0.124184609779749,NA,0.303100302899331,0.263605621845671,0.16630003287105,NA,0.301254674915455,0.291130564801398,0.0987250606036548,0.115724760020044,0.0357828632140922,NA,0.104975255752458,NA,0.100045921565715,0.0567621072443788,NA,0.150085596597369,0.106867185903078,0.420326278982238,NA,0.054441229010809,0.0224480595573858
0.0250309738378818,NA,0.1320151602391,0,0.123858750887535,0.0952536820528831,0.104722722516816,0.0935173565579986,0.086184308126641,0.103717189942439,0.016526946860504,0.0983290272454879,0.0125154869189409,0.116922770833488,0.0530934647787453,0.0263861368088171,0.118299620907291,0.374162550512413,0.12867950127733,0.305495448714628,0.0127581004262868,0.0937287223970694,0.0686923022076219,NA,0.0948196420809391,0.0978317310940303,NA,NA,NA,0.00821272490464819,0.098852020082479,0.10933459887908,0.378764557287871,0.0551937209878233,NA,0.0910988240142907,0.372424382421693,0.130390067561526,0.380869862640857,0.136425733274903,NA,0.285448766640825,0.268557048801151,0.0872353947190753,NA,0.293132207010457,0.299301770061729,0.0380698586805191,0.154062669665091,0.114253494357367,NA,0.131407840515872,NA,0.0417368435620432,0.10378972039403,NA,0.0953940276609043,0.13750019256608,0.379890941944573,NA,0.0794921986751056,0.109944701353624
0.0999037415097629,NA,0.0999567341875549,0.123858750887535,0,0.170417210547029,0.0370683327164862,0.102152150284141,0.121429399605256,0.0493272284806047,0.137077926102318,0.0864329622479241,0.111822343280387,0.0108708254175037,0.0864587554332932,0.129888919643299,0.0302077883939902,0.303932268528021,0.0629460236014157,0.192657559219045,0.11662681168357,0.103843413993273,0.119256996193425,NA,0.0671535307286264,0.111275152715471,NA,NA,NA,0.128451874470047,0.0559560181822965,0.0504722529240379,0.313996013302758,0.068753136730725,NA,0.0663308621366647,0.258463436753895,0.0395704018133053,0.305188750127177,0.200906442897529,NA,0.204219701945582,0.169021334193552,0.0962086300581823,NA,0.204021713373881,0.198326173011379,0.089409632248885,0.0303183050621319,0.0649380221345922,NA,0.184962321226866,NA,0.123369478330687,0.13182712693178,NA,0.0713082247512831,0.0137668331588947,0.320376317508187,NA,0.0781520584685925,0.0955779185263914
0.0968783975571302,NA,0.110639641166552,0.0952536820528831,0.170417210547029,0,0.170882687178983,0.184369170055872,0.0528356130366525,0.125920824805191,0.0831826914763698,0.184752747503236,0.0952507559871121,0.169176268114097,0.0878657210625144,0.0689555308592584,0.180928133702137,0.458105541841004,0.135167588643413,0.36301131647627,0.087289692269787,0.0744405593159081,0.0511742040992829,NA,0.107475735379847,0.190204279856805,NA,NA,NA,0.08764339645267,0.174062954403724,0.181820943602123,0.464632268730301,0.117244134987448,NA,0.106681854118927,0.42844434257148,0.195214242444238,0.462788841577706,0.0411788482566837,NA,0.36369246955564,0.336762277358161,0.177072856646322,NA,0.367736978753204,0.366903082031407,0.0963591551461058,0.197767468964789,0.121155953610065,NA,0.0397671308758466,NA,0.0585411864628441,0.0541074353736016,NA,0.176961066724571,0.182979196486964,0.467384075193701,NA,0.0928953758074075,0.0932995374906758
0.0842910662933516,NA,0.123939733733673,0.104722722516816,0.0370683327164862,0.170882687178983,0,0.0651950337807629,0.128419323418006,0.0694789964167579,0.120100042729557,0.049372410288548,0.0942299252959693,0.0262165855795095,0.0830217055505083,0.117702042855767,0.0140870348714951,0.289693864750492,0.0916752405297696,0.200988275976846,0.100861639910579,0.115515037120107,0.121128344960954,NA,0.0824016792649746,0.0742568708875632,NA,NA,NA,0.111004312223407,0.0188879392691474,0.0155359758996335,0.297834302819415,0.0551937209878234,NA,0.0798909037435071,0.267896181243799,0.0258849198467247,0.293132207010457,0.206233734270201,NA,0.193181991074008,0.167355895488102,0.0595513242066544,NA,0.196870527691376,0.197936513060584,0.0778554922667812,0.0593638195717844,0.0883528659931421,NA,0.192677811705071,NA,0.116483335686066,0.142422843131629,NA,0.0342547372614056,0.0456411038640301,0.302450407646968,NA,0.0864071613630961,0.113565943662925
0.0877101530074061,NA,0.174221403733222,0.0935173565579986,0.102152150284141,0.184369170055872,0.0651950337807629,0,0.157072550403155,0.12278295564982,0.109579047493235,0.0173175212218016,0.0897922382295432,0.0912822077280603,0.107184894932625,0.117334434300161,0.0757764550292333,0.281491294008208,0.149120549673839,0.234956114180658,0.097988296123567,0.152266622211394,0.143586388872243,NA,0.128854824351776,0.0093550134640549,NA,NA,NA,0.101714665831506,0.0464161740333495,0.0545486334845343,0.285521987796773,0.0778769686569465,NA,0.12521053068613,0.300536806496321,0.0779377862910942,0.289000323084615,0.224612166215062,NA,0.19667789503498,0.189189019162654,0.00807583656954259,NA,0.207048400076682,0.219216587670289,0.0914073083338461,0.122719379886289,0.141480389306506,NA,0.215775848384486,NA,0.125945169948231,0.174304571946846,NA,0.0310540066913311,0.11046820836068,0.286400154692288,NA,0.124549902264729,0.158119523687776
0.073808867222601,NA,0.0613858026247291,0.086184308126641,0.121429399605256,0.0528356130366525,0.128419323418006,0.157072550403155,0,0.0744705062382966,0.0828604068525956,0.152998866251779,0.0792534195549787,0.121823547777661,0.0500730812125799,0.0645117144070086,0.136343989816128,0.418113024522552,0.0823576965133676,0.312945068446303,0.073929605660894,0.0217031586522625,0.0176995713404692,NA,0.0557614226748043,0.164615529089892,NA,NA,NA,0.0816917020631593,0.135680052771221,0.141442954637297,0.42608162199143,0.0808135662252446,NA,0.0555962329453271,0.377713038385025,0.150669427185241,0.421380596372826,0.0794992107333977,NA,0.321027255506626,0.289994845470375,0.149114942408472,NA,0.323210289010712,0.319607220570871,0.066213104997145,0.147150639412265,0.0683506282874739,NA,0.0644209228194437,NA,0.0460968274459287,0.0179807824888955,NA,0.142150566942452,0.133190108765799,0.430243174376526,NA,0.0434897108824705,0.041489025723122
0.0789927515726621,NA,0.054461703336095,0.103717189942439,0.0493272284806047,0.125920824805191,0.0694789964167579,0.12278295564982,0.0744705062382966,0,0.112418945469191,0.111395314895147,0.091334099505442,0.0529041451651821,0.0532402479393378,0.0999149001986741,0.0717990174731923,0.352657508973024,0.0276246201338169,0.238603953362045,0.0928983760617742,0.055279500008981,0.0759087515596893,NA,0.0187249175209389,0.132013048993044,NA,NA,NA,0.105388629219149,0.0842182903503278,0.0849202726285386,0.362272724734511,0.0554958786524164,NA,0.0192677811705071,0.303242798822245,0.0849498061206947,0.354274758513892,0.153280965857512,NA,0.253316991936042,0.218037361323904,0.115128342463535,NA,0.253348897432909,0.24702457802561,0.0656763416453087,0.0727936499090442,0.0191225810517534,NA,0.136603356402513,NA,0.0880146810370738,0.0831156519011046,NA,0.0966825670645561,0.0596027845694737,0.368111956689321,NA,0.0338042668387104,0.0464401865409223
0.0371959349276418,NA,0.134475047748744,0.016526946860504,0.137077926102318,0.0831826914763698,0.120100042729557,0.109579047493235,0.0828604068525956,0.112418945469191,0,0.114805911197365,0.0259172020291054,0.1307849150095,0.0596027845694737,0.0183642111672989,0.133457693382631,0.3905319819772,0.135762195992169,0.321064585721125,0.0205012463178915,0.09401968621886,0.0651950337807629,NA,0.101267035096374,0.113524214488758,NA,NA,NA,0.00911355302775553,0.115016927131158,0.125361804923777,0.395002567831974,0.0684484234417508,NA,0.0978317310940302,0.387982967966807,0.145897105138558,0.397326333106819,0.124209295223094,NA,0.301975451651957,0.284776206095586,0.103480441534638,NA,0.309614246745358,0.315523470694391,0.0484435140106069,0.167390865203114,0.120794241660153,NA,0.12098790358355,NA,0.0367663453414319,0.09956839933335,NA,0.111884637773025,0.150817341740127,0.395974396289135,NA,0.0847658749915499,0.112053903585042
0.0881033034368639,NA,0.164325750086277,0.0983290272454879,0.0864329622479241,0.184752747503236,0.049372410288548,0.0173175212218016,0.152998866251779,0.111395314895147,0.114805911197365,0,0.0925135526555317,0.0755886385808985,0.102978250501479,0.120053620075923,0.0590389744710309,0.276050398698837,0.136795011827466,0.220269330542316,0.100670789397376,0.145925757546576,0.140909913481555,NA,0.119457816794884,0.0254834106901485,NA,NA,NA,0.106328571647875,0.0305016096648659,0.0375983871325779,0.281196079106441,0.0722710536037117,NA,0.1160422364733,0.286297954260335,0.0606412064183864,0.282547765316491,0.224107807170084,NA,0.18772488045412,0.176301486144827,0.0155359758996335,NA,0.196682146319733,0.206669791119785,0.0892348941951538,0.10578984971644,0.130409304021368,NA,0.213923371388215,NA,0.126285509163385,0.169613931261853,NA,0.0153736687396239,0.09401968621886,0.283107504460887,NA,0.117265527950857,0.149713728839124
0.0125154869189409,NA,0.121429399605256,0.0125154869189409,0.111822343280387,0.0952507559871121,0.0942299252959693,0.0897922382295432,0.0792534195549787,0.091334099505442,0.0259172020291054,0.0925135526555317,0,0.105174195784643,0.0416097701114833,0.0276347076346584,0.10754573104198,0.368511512593236,0.11655748700332,0.295214699267497,0.00821272490464831,0.0844991233879874,0.0623319881931365,NA,0.0829578956502835,0.0951365692255983,NA,NA,NA,0.0168938864642805,0.0898201698000473,0.0999288468075552,0.373681780146614,0.0430711283708937,NA,0.0791724930471691,0.362125749208933,0.120055941634929,0.37469552042019,0.136092321060338,NA,0.278254750053745,0.259513772986393,0.0828873117666426,NA,0.285226058899366,0.290256147145183,0.0256578073234766,0.142085849193554,0.102296654485805,NA,0.129327655988936,NA,0.038069858680519,0.0971627981084258,NA,0.0878910937806472,0.125510676216315,0.375340619936473,NA,0.0681218936204202,0.099643949719591
0.0936245876046941,NA,0.105776675881076,0.116922770833488,0.0108708254175037,0.169176268114097,0.0262165855795095,0.0912822077280603,0.121823547777661,0.0529041451651821,0.1307849150095,0.0755886385808985,0.105174195784643,0,0.083253024930483,0.124811446952799,0.020757944078806,0.299851612993271,0.0701973509175806,0.194935635255797,0.110490913269177,0.105536624759141,0.118073227995737,NA,0.0694388699355497,0.100404654774645,NA,NA,NA,0.121979022508713,0.045100517209616,0.0399698652117112,0.309371097694252,0.0623766866486429,NA,0.0680072377912937,0.26124356996961,0.0323464576629994,0.301742773591234,0.201239115584983,NA,0.200850943879095,0.168227957620582,0.0853654671479941,NA,0.20177439499816,0.198033648075632,0.0840228073032879,0.0377537377460021,0.0701536625000927,NA,0.185960191459985,NA,0.119690905439539,0.133432630120327,NA,0.0604432501584466,0.0217416508350074,0.315247748385677,NA,0.0783372869435583,0.099274045710306
0.0309371097694252,NA,0.0803084548649667,0.0530934647787453,0.0864587554332932,0.0878657210625144,0.0830217055505083,0.107184894932625,0.0500730812125799,0.0532402479393378,0.0596027845694737,0.102978250501479,0.0416097701114833,0.083253024930483,0,0.0467452647894884,0.0932666713371126,0.371336898040555,0.0762348325978245,0.278188633206782,0.0410907650579448,0.0469890875562555,0.0388524956677734,NA,0.0419167589448109,0.114941781971213,NA,NA,NA,0.0532664166545769,0.0873662901863351,0.0943688399923736,0.378550364099026,0.0310540066913311,NA,0.0383397834503963,0.344442818907132,0.107483514926639,0.375492072341655,0.123973460973323,NA,0.27600395089578,0.249327952772546,0.0991869742845073,NA,0.279871725427653,0.279643579514768,0.018843618662266,0.115965352296423,0.0614447990848858,NA,0.111884637773025,NA,0.0370156627763512,0.0671203192870656,NA,0.0925557206452576,0.0999288468075551,0.382090716083555,NA,0.0265125886679899,0.059100313681831
0.0338289926253922,NA,0.117410421960874,0.0263861368088171,0.129888919643299,0.0689555308592584,0.117702042855767,0.117334434300161,0.0645117144070086,0.0999149001986741,0.0183642111672989,0.120053620075923,0.0276347076346584,0.124811446952799,0.0467452647894884,0,0.130272449698139,0.395950464006575,0.121534936541719,0.318080972793417,0.0194262478338866,0.0763480843583826,0.0468643611985348,NA,0.0869666033400295,0.122437433261931,NA,NA,NA,0.0192677811705071,0.115522275282328,0.125092498909358,0.401247864018544,0.0631846739887119,NA,0.0838235434481472,0.384849004848736,0.143545620171944,0.401952283638918,0.110104293068916,NA,0.305016096648659,0.284528483888358,0.110501002842138,NA,0.311440762933287,0.315222108100453,0.0408185476521707,0.160069365304086,0.106294489875899,NA,0.105123833249908,NA,0.0184399401944254,0.0812195115157394,NA,0.114832612787162,0.143632967503076,0.402966144569291,NA,0.0698989337343097,0.094963564179165
0.0972144179097696,NA,0.125610565349688,0.118299620907291,0.0302077883939902,0.180928133702137,0.0140870348714951,0.0757764550292333,0.136343989816128,0.0717990174731923,0.133457693382631,0.0590389744710309,0.10754573104198,0.020757944078806,0.0932666713371126,0.130272449698139,0,0.282575384072592,0.0907831515189019,0.18790444271457,0.11394081851076,0.121809819891681,0.130469132647412,NA,0.0869056900019214,0.0844694323214027,NA,NA,NA,0.124388678347537,0.0299017614639835,0.0215485023447308,0.291458751356606,0.0672323421510254,NA,0.0849235546348638,0.254756441755035,0.0143613561576147,0.285240716068017,0.215082391333665,NA,0.18470899350884,0.156091777420159,0.0709320081465642,NA,0.187186649147184,0.186487017363793,0.089922511330125,0.0470424404767412,0.0898418883512413,NA,0.200764890080837,NA,0.127967095364167,0.149324137510327,NA,0.0448526421959753,0.0351859166802647,0.296790926408344,NA,0.0933532935104629,0.117588325626667
0.363203979118059,NA,0.403363651145434,0.374162550512413,0.303932268528021,0.458105541841004,0.289693864750492,0.281491294008208,0.418113024522552,0.352657508973024,0.3905319819772,0.276050398698837,0.368511512593236,0.299851612993271,0.371336898040555,0.395950464006575,0.282575384072592,0,0.365037219666017,0.178491650693517,0.37663342430684,0.404382933594597,0.410086099253714,NA,0.36911456604829,0.279049926710596,NA,NA,NA,0.382244598044219,0.284145215680819,0.277074304101625,0.0194118952291686,0.341007738105428,NA,0.36736389413356,0.182041548110807,0.268536291570574,0.0189026897120587,0.495301095048324,NA,0.100861639910579,0.150589863079053,0.287134923973703,NA,0.108207143781212,0.135435382107752,0.361847794723256,0.289512933585336,0.368850945935014,NA,0.482316136134395,NA,0.400576300389326,0.431799628918413,NA,0.28164769182055,0.29654666173189,0.0366144176446668,NA,0.37573545606513,0.399090133727754
0.104528256130638,NA,0.0388237904583373,0.12867950127733,0.0629460236014157,0.135167588643413,0.0916752405297696,0.149120549673839,0.0823576965133676,0.0276246201338169,0.135762195992169,0.136795011827466,0.11655748700332,0.0701973509175806,0.0762348325978245,0.121534936541719,0.0907831515189019,0.365037219666017,0,0.238880633618841,0.117160902996337,0.0607330592526401,0.0892505097161755,NA,0.0345867256903279,0.158424173989981,NA,NA,NA,0.129463356205764,0.108227747797923,0.107164090410897,0.375761417581035,0.0829377349559965,NA,0.037930502213426,0.301396193939585,0.102176703138788,0.365340212489806,0.156229206532798,NA,0.264601845018416,0.224790780322583,0.141637900434699,NA,0.262485660423384,0.252414271485269,0.0910896451373075,0.0769009695617065,0.0153917873890934,NA,0.137913082674719,NA,0.10731483181502,0.0853230121989109,NA,0.121718261084478,0.0685257456249343,0.382638865721714,NA,0.0517105848759846,0.0435345489496382
0.285112684683586,NA,0.27655879409907,0.305495448714628,0.192657559219045,0.36301131647627,0.200988275976846,0.234956114180658,0.312945068446303,0.238603953362045,0.321064585721125,0.220269330542316,0.295214699267497,0.194935635255797,0.278188633206782,0.318080972793417,0.18790444271457,0.178491650693517,0.238880633618841,0,0.301798189400554,0.293699294535237,0.311883433243214,NA,0.257320012376372,0.238781439174683,NA,NA,NA,0.311960277573758,0.207774039217155,0.19679972877957,0.196416973677336,0.254910655007501,NA,0.257351421593746,0.0669290336811367,0.175167498778703,0.168491177392573,0.391842238645606,NA,0.103421169751969,0.0570559596338926,0.235741279152724,NA,0.0830485582092684,0.0467452647894884,0.277479393262082,0.16581665031138,0.248626065316197,NA,0.374760972797741,NA,0.314473199034978,0.321173079146896,NA,0.215407403816965,0.180058760716569,0.211058723933739,NA,0.270332084283671,0.280997774371546
0.0168938864642806,NA,0.119366788853938,0.0127581004262868,0.11662681168357,0.087289692269787,0.100861639910579,0.097988296123567,0.073929605660894,0.0928983760617742,0.0205012463178915,0.100670789397376,0.00821272490464831,0.110490913269177,0.0410907650579448,0.0194262478338866,0.11394081851076,0.37663342430684,0.117160902996337,0.301798189400554,0,0.0809789420453219,0.0566096858748215,NA,0.0829948442036754,0.10326474470493,NA,NA,NA,0.0125154869189409,0.0972602791779934,0.10718229458825,0.381854302683975,0.0481144533827408,NA,0.0793658756875349,0.368678622401206,0.126739339191985,0.382750294740123,0.128228190807583,NA,0.286131435423522,0.266795276219019,0.0910988240142908,NA,0.292915341157335,0.297527201080652,0.0280551076222935,0.146944040271334,0.102506231589458,NA,0.121883017416437,NA,0.0308649531469355,0.0916752405297696,NA,0.0958021946800844,0.130375103908268,0.383541745248637,NA,0.0672613546601621,0.0972459498550164
0.0762128934638104,NA,0.0421356122709104,0.0937287223970694,0.103843413993273,0.0744405593159081,0.115515037120107,0.152266622211394,0.0217031586522625,0.055279500008981,0.09401968621886,0.145925757546576,0.0844991233879874,0.105536624759141,0.0469890875562555,0.0763480843583826,0.121809819891681,0.404382933594597,0.0607330592526401,0.293699294535237,0.0809789420453219,0,0.032655179526339,NA,0.0367663453414319,0.160481501323345,NA,NA,NA,0.0909058729693444,0.125221660016465,0.129586010145527,0.413073148464545,0.0743956163297329,NA,0.0375983871325779,0.357960242762992,0.135916080723617,0.406903873421543,0.0981588095288541,NA,0.30615526686712,0.272864745559187,0.144194603308155,NA,0.307288400023724,0.302082497189403,0.06559990959319,0.127973629242465,0.0470424404767413,NA,0.0813292491256809,NA,0.0584697279346071,0.0279854795222612,NA,0.13365177430525,0.114805911197365,0.417938338758686,NA,0.0293371714336427,0.0205419908025722
0.0580103089741101,NA,0.074758131966171,0.0686923022076219,0.119256996193425,0.0511742040992829,0.121128344960954,0.143586388872243,0.0176995713404692,0.0759087515596893,0.0651950337807629,0.140909913481555,0.0623319881931365,0.118073227995737,0.0388524956677734,0.0468643611985348,0.130469132647412,0.410086099253714,0.0892505097161755,0.311883433243214,0.0566096858748215,0.032655179526339,0,NA,0.0580823327269336,0.150706419434064,NA,NA,NA,0.0640260048887193,0.126212656590566,0.133030975738275,0.417388468824556,0.0697592355115476,NA,0.0566884061435127,0.377434009314528,0.144813736146227,0.414065164867841,0.0852314989441416,NA,0.314308305979073,0.285923881590454,0.135762195992169,NA,0.317608329996906,0.315960421056405,0.0521827394601771,0.146877639459605,0.0742155722227027,NA,0.0731717219293209,NA,0.0284301133884905,0.0350986754587903,NA,0.131140323913389,0.131898991522339,0.420938528470908,NA,0.0422676991537491,0.0530567055385491
NA,NA,NA,NA,NA,NA,NA,NA,NA,NA,NA,NA,NA,NA,NA,NA,NA,NA,NA,NA,NA,NA,NA,0,NA,NA,NA,NA,NA,NA,NA,NA,NA,NA,NA,NA,NA,NA,NA,NA,NA,NA,NA,NA,NA,NA,NA,NA,NA,NA,NA,NA,NA,NA,NA,NA,NA,NA,NA,NA,NA,NA
0.0713199495423658,NA,0.0454514034761392,0.0948196420809391,0.0671535307286264,0.107475735379847,0.0824016792649746,0.128854824351776,0.0557614226748043,0.0187249175209389,0.101267035096374,0.119457816794884,0.0829578956502835,0.0694388699355497,0.0419167589448109,0.0869666033400295,0.0869056900019214,0.36911456604829,0.0345867256903279,0.257320012376372,0.0829948442036754,0.0367663453414319,0.0580823327269336,NA,0,0.137791772838301,NA,NA,NA,0.0951746467012976,0.0948313990111865,0.0973462108211831,0.378297003358761,0.0545486334845343,NA,0.00402062519338084,0.321958346690408,0.100670789397376,0.371173988661042,0.134597276159043,NA,0.27028980969327,0.236155897884124,0.1209072488129,NA,0.270917063305142,0.265323448546659,0.0579718597178733,0.0915048289945976,0.0195406891645747,NA,0.118070867451789,NA,0.0731602939069804,0.0647187597568824,NA,0.10560790564852,0.0780557087788163,0.383692139678482,NA,0.0173657371514615,0.0311972785324476
0.0940433986243364,NA,0.18319992762483,0.0978317310940303,0.111275152715471,0.190204279856805,0.0742568708875632,0.0093550134640549,0.164615529089892,0.132013048993044,0.113524214488758,0.0254834106901485,0.0951365692255983,0.100404654774645,0.114941781971213,0.122437433261931,0.0844694323214027,0.279049926710596,0.158424173989981,0.238781439174683,0.10326474470493,0.160481501323345,0.150706419434064,NA,0.137791772838301,0,NA,NA,NA,0.106042469984918,0.0554104346007364,0.063074299949945,0.282476733258221,0.086184308126641,NA,0.134111850620434,0.303896502349879,0.0858895160794924,0.287110656111019,0.230727069599737,NA,0.196455282745153,0.191640751759555,0.0169268501765312,NA,0.207694879788129,0.221346028880503,0.0986262013521633,0.131272027195672,0.150660177703838,NA,0.222430045879441,NA,0.1320151602391,0.182003267898396,NA,0.0400186472116429,0.119338766287893,0.282818904118994,NA,0.133060304016986,0.166822116728289
NA,NA,NA,NA,NA,NA,NA,NA,NA,NA,NA,NA,NA,NA,NA,NA,NA,NA,NA,NA,NA,NA,NA,NA,NA,NA,0,NA,NA,NA,NA,NA,NA,NA,NA,NA,NA,NA,NA,NA,NA,NA,NA,NA,NA,NA,NA,NA,NA,NA,NA,NA,NA,NA,NA,NA,NA,NA,NA,NA,NA,NA
NA,NA,NA,NA,NA,NA,NA,NA,NA,NA,NA,NA,NA,NA,NA,NA,NA,NA,NA,NA,NA,NA,NA,NA,NA,NA,NA,0,NA,NA,NA,NA,NA,NA,NA,NA,NA,NA,NA,NA,NA,NA,NA,NA,NA,NA,NA,NA,NA,NA,NA,NA,NA,NA,NA,NA,NA,NA,NA,NA,NA,NA
NA,NA,NA,NA,NA,NA,NA,NA,NA,NA,NA,NA,NA,NA,NA,NA,NA,NA,NA,NA,NA,NA,NA,NA,NA,NA,NA,NA,0,NA,NA,NA,NA,NA,NA,NA,NA,NA,NA,NA,NA,NA,NA,NA,NA,NA,NA,NA,NA,NA,NA,NA,NA,NA,NA,NA,NA,NA,NA,NA,NA,NA
0.0285767873459025,NA,0.130355862401556,0.00821272490464819,0.128451874470047,0.08764339645267,0.111004312223407,0.101714665831506,0.0816917020631593,0.105388629219149,0.00911355302775553,0.106328571647875,0.0168938864642805,0.121979022508713,0.0532664166545769,0.0192677811705071,0.124388678347537,0.382244598044219,0.129463356205764,0.311960277573758,0.0125154869189409,0.0909058729693444,0.0640260048887193,NA,0.0951746467012976,0.106042469984918,NA,NA,NA,0,0.105947807971421,0.116265392519246,0.386908959134949,0.0597289083974419,NA,0.091602245833944,0.378880068272784,0.136792974353075,0.388875590009773,0.128820211544933,NA,0.293236777917627,0.275710947625631,0.0953940276609042,NA,0.300721300099553,0.306458269795571,0.040489471022661,0.158747553528347,0.114708762111891,NA,0.124334890584575,NA,0.036147094489332,0.0989816325693496,NA,0.103026956616325,0.142170172565184,0.388074908081287,NA,0.0791443252999298,0.108060226447625
0.0817121701894411,NA,0.138324740339459,0.098852020082479,0.0559560181822965,0.174062954403724,0.0188879392691474,0.0464161740333495,0.135680052771221,0.0842182903503278,0.115016927131158,0.0305016096648659,0.0898201698000473,0.045100517209616,0.0873662901863351,0.115522275282328,0.0299017614639835,0.284145215680819,0.108227747797923,0.207774039217155,0.0972602791779934,0.125221660016465,0.126212656590566,NA,0.0948313990111865,0.0554104346007364,NA,NA,NA,0.105947807971421,0,0.0111991703245204,0.2911870430565,0.0568651283094048,NA,0.0918362316164245,0.274620057769955,0.0357282983108749,0.28874850285413,0.211296289795406,NA,0.190227723878755,0.169763399097094,0.0411246655381421,NA,0.195962369917404,0.200510677199142,0.0781984067202016,0.0769045938032695,0.103334895559892,NA,0.199052804231188,NA,0.117284540642474,0.15096511136944,NA,0.0153917873890934,0.0640912687480972,0.294804672093115,NA,0.0958981524667075,0.125894261098095
0.0912730472930681,NA,0.139378562772568,0.10933459887908,0.0504722529240379,0.181820943602123,0.0155359758996335,0.0545486334845343,0.141442954637297,0.0849202726285386,0.125361804923777,0.0375983871325779,0.0999288468075552,0.0399698652117112,0.0943688399923736,0.125092498909358,0.0215485023447308,0.277074304101625,0.107164090410897,0.19679972877957,0.10718229458825,0.129586010145527,0.133030975738275,NA,0.0973462108211831,0.063074299949945,NA,NA,NA,0.116265392519246,0.0111991703245204,0,0.284679296990797,0.0647187597568824,NA,0.0946784450422575,0.263675395421449,0.0248185114275764,0.281127679777847,0.218260946857838,NA,0.181909830372792,0.159614262728435,0.0502231423950805,NA,0.186863264530822,0.190349293402595,0.0867644633478125,0.0682036726338046,0.103843413993273,NA,0.205366985908634,NA,0.125861048580189,0.156057847724466,NA,0.0240774927262346,0.056712983819128,0.288842116850178,NA,0.100304672243432,0.128542973563374
0.368953697088462,NA,0.413795156958573,0.378764557287871,0.313996013302758,0.464632268730301,0.297834302819415,0.285521987796773,0.42608162199143,0.362272724734511,0.395002567831974,0.281196079106441,0.373681780146614,0.309371097694252,0.378550364099026,0.401247864018544,0.291458751356606,0.0194118952291686,0.375761417581035,0.196416973677336,0.381854302683975,0.413073148464545,0.417388468824556,NA,0.378297003358761,0.282476733258221,NA,NA,NA,0.386908959134949,0.2911870430565,0.284679296990797,0,0.347924095740923,NA,0.376381735223525,0.201438455483652,0.277632027726321,0.0368572013580771,0.502469996582145,NA,0.113548762919034,0.165690537997298,0.291535243192965,NA,0.123308465296065,0.152487944080924,0.368273193338063,0.301021439722396,0.378914641145749,NA,0.490027941615916,NA,0.406694220612677,0.44023487620004,NA,0.287725456870335,0.307244860364503,0.0174298175800872,NA,0.384174166993638,0.408622243022927
0.0312597534769339,NA,0.0994647741199711,0.0551937209878233,0.068753136730725,0.117244134987448,0.0551937209878234,0.0778769686569465,0.0808135662252446,0.0554958786524164,0.0684484234417508,0.0722710536037117,0.0430711283708937,0.0623766866486429,0.0310540066913311,0.0631846739887119,0.0672323421510254,0.341007738105428,0.0829377349559965,0.254910655007501,0.0481144533827408,0.0743956163297329,0.0697592355115476,NA,0.0545486334845343,0.086184308126641,NA,NA,NA,0.0597289083974419,0.0568651283094048,0.0647187597568824,0.347924095740923,0,NA,0.0505770645354199,0.321665612345223,0.0808032189983536,0.345545576473158,0.154564780307828,NA,0.246614670280688,0.222547800686448,0.0698031707934862,NA,0.251386382603877,0.253128777754322,0.0227072978734734,0.0990294899050528,0.0711321209720895,NA,0.14289173905228,NA,0.0613858026247291,0.0973462108211831,NA,0.0615037389536746,0.0824523994400299,0.351257434113342,NA,0.0470602113420015,0.081308684605366
NA,NA,NA,NA,NA,NA,NA,NA,NA,NA,NA,NA,NA,NA,NA,NA,NA,NA,NA,NA,NA,NA,NA,NA,NA,NA,NA,NA,NA,NA,NA,NA,NA,NA,0,NA,NA,NA,NA,NA,NA,NA,NA,NA,NA,NA,NA,NA,NA,NA,NA,NA,NA,NA,NA,NA,NA,NA,NA,NA,NA,NA
0.067459961454612,NA,0.0492367404824071,0.0910988240142907,0.0663308621366647,0.106681854118927,0.0798909037435071,0.12521053068613,0.0555962329453271,0.0192677811705071,0.0978317310940302,0.1160422364733,0.0791724930471691,0.0680072377912937,0.0383397834503963,0.0838235434481472,0.0849235546348638,0.36736389413356,0.037930502213426,0.257351421593746,0.0793658756875349,0.0375983871325779,0.0566884061435127,NA,0.00402062519338084,0.134111850620434,NA,NA,NA,0.091602245833944,0.0918362316164245,0.0946784450422575,0.376381735223525,0.0505770645354199,NA,0,0.322225732080586,0.0988351015747675,0.369609572353177,0.134822796505668,NA,0.268781124746704,0.235329483008855,0.117244134987448,NA,0.269711737333432,0.264647134526921,0.0540868269419367,0.091574857822352,0.023156990991561,NA,0.118638400246385,NA,0.0704549567407775,0.0655701619566945,NA,0.102329344086497,0.0776798794981675,0.381624315912815,NA,0.0149322270993605,0.0340589010462629
0.351970837831374,NA,0.33811027016128,0.372424382421693,0.258463436753895,0.42844434257148,0.267896181243799,0.300536806496321,0.377713038385025,0.303242798822245,0.387982967966807,0.286297954260335,0.362125749208933,0.26124356996961,0.344442818907132,0.384849004848736,0.254756441755035,0.182041548110807,0.301396193939585,0.0669290336811367,0.368678622401206,0.357960242762992,0.377434009314528,NA,0.321958346690408,0.303896502349879,NA,NA,NA,0.378880068272784,0.274620057769955,0.263675395421449,0.201438455483652,0.321665612345223,NA,0.322225732080586,0,0.242087508600011,0.166721842956419,0.456066493518271,NA,0.141911160248889,0.114472833193085,0.301694738322914,NA,0.120537854025388,0.0893067029840076,0.344187834640259,0.230722237619221,0.312091583955183,NA,0.43855076503703,NA,0.380910840309023,0.385085027271993,NA,0.28196615805765,0.245554561161606,0.218328616160581,NA,0.335580833506707,0.344253420061581
0.110175148516514,NA,0.138123100669085,0.130390067561526,0.0395704018133053,0.195214242444238,0.0258849198467247,0.0779377862910942,0.150669427185241,0.0849498061206947,0.145897105138558,0.0606412064183864,0.120055941634929,0.0323464576629994,0.107483514926639,0.143545620171944,0.0143613561576147,0.268536291570574,0.102176703138788,0.175167498778703,0.126739339191985,0.135916080723617,0.144813736146227,NA,0.100670789397376,0.0858895160794924,NA,NA,NA,0.136792974353075,0.0357282983108749,0.0248185114275764,0.277632027726321,0.0808032189983536,NA,0.0988351015747675,0.242087508600011,0,0.271029177208022,0.229443035239235,NA,0.170425387760179,0.141999512979367,0.0743918698552836,NA,0.172827224613009,0.172473687044053,0.103507372033867,0.0472198481728685,0.102484477295582,NA,0.215088870480052,NA,0.141858122197042,0.163514704964377,NA,0.0485297380729216,0.0398791117546842,0.283210856211737,NA,0.107605321063632,0.1310914325967
0.368842633928733,NA,0.403925023300573,0.380869862640857,0.305188750127177,0.462788841577706,0.293132207010457,0.289000323084615,0.421380596372826,0.354274758513892,0.397326333106819,0.282547765316491,0.37469552042019,0.301742773591234,0.375492072341655,0.401952283638918,0.285240716068017,0.0189026897120587,0.365340212489806,0.168491177392573,0.382750294740123,0.406903873421543,0.414065164867841,NA,0.371173988661042,0.287110656111019,NA,NA,NA,0.388875590009773,0.28874850285413,0.281127679777847,0.0368572013580771,0.345545576473158,NA,0.369609572353177,0.166721842956419,0.271029177208022,0,0.49927760822272,NA,0.100969352367689,0.146154774596611,0.294284231661293,NA,0.104509589656188,0.127705466108925,0.366824070963926,0.289101568202467,0.369915601120496,NA,0.485747436121577,NA,0.405770049251485,0.434543843762767,NA,0.287224212051836,0.297088469715159,0.0542720211084886,NA,0.378591592823144,0.400691088169721
0.136907026222987,NA,0.124184609779749,0.136425733274903,0.200906442897529,0.0411788482566837,0.206233734270201,0.224612166215062,0.0794992107333977,0.153280965857512,0.124209295223094,0.224107807170084,0.136092321060338,0.201239115584983,0.123973460973323,0.110104293068916,0.215082391333665,0.495301095048324,0.156229206532798,0.391842238645606,0.128228190807583,0.0981588095288541,0.0852314989441416,NA,0.134597276159043,0.230727069599737,NA,NA,NA,0.128820211544933,0.211296289795406,0.218260946857838,0.502469996582145,0.154564780307828,NA,0.134822796505668,0.456066493518271,0.229443035239235,0.49927760822272,0,NA,0.399391717437248,0.369454199733787,0.217166386769779,NA,0.402235091901255,0.399104100967584,0.134988076283937,0.226065485462463,0.144242917802159,NA,0.0195976592247133,NA,0.0987165908327936,0.071120365215892,NA,0.215443629791171,0.212502432997592,0.505773400689064,NA,0.12295535273128,0.112701225153752
NA,NA,NA,NA,NA,NA,NA,NA,NA,NA,NA,NA,NA,NA,NA,NA,NA,NA,NA,NA,NA,NA,NA,NA,NA,NA,NA,NA,NA,NA,NA,NA,NA,NA,NA,NA,NA,NA,NA,NA,0,NA,NA,NA,NA,NA,NA,NA,NA,NA,NA,NA,NA,NA,NA,NA,NA,NA,NA,NA,NA,NA
0.27144739509491,NA,0.303100302899331,0.285448766640825,0.204219701945582,0.36369246955564,0.193181991074008,0.19667789503498,0.321027255506626,0.253316991936042,0.301975451651957,0.18772488045412,0.278254750053745,0.200850943879095,0.27600395089578,0.305016096648659,0.18470899350884,0.100861639910579,0.264601845018416,0.103421169751969,0.286131435423522,0.30615526686712,0.314308305979073,NA,0.27028980969327,0.196455282745153,NA,NA,NA,0.293236777917627,0.190227723878755,0.181909830372792,0.113548762919034,0.246614670280688,NA,0.268781124746704,0.141911160248889,0.170425387760179,0.100969352367689,0.399391717437248,NA,0,0.0560505763807071,0.200888407398332,NA,0.0216517292940727,0.0576971671208636,0.268399253587725,0.188739156707187,0.268967712101042,NA,0.385443128547103,NA,0.30750419310279,0.333876383780135,NA,0.190366863295721,0.196235258551047,0.123642537316027,NA,0.278029287147081,0.299727033137832
0.250769182923498,NA,0.263605621845671,0.268557048801151,0.169021334193552,0.336762277358161,0.167355895488102,0.189189019162654,0.289994845470375,0.218037361323904,0.284776206095586,0.176301486144827,0.259513772986393,0.168227957620582,0.249327952772546,0.284528483888358,0.156091777420159,0.150589863079053,0.224790780322583,0.0570559596338926,0.266795276219019,0.272864745559187,0.285923881590454,NA,0.236155897884124,0.191640751759555,NA,NA,NA,0.275710947625631,0.169763399097094,0.159614262728435,0.165690537997298,0.222547800686448,NA,0.235329483008855,0.114472833193085,0.141999512979367,0.146154774596611,0.369454199733787,NA,0.0560505763807071,0,0.191285559249039,NA,0.0424256605855543,0.0307473374792477,0.245185395649444,0.147921403162992,0.231518149941128,NA,0.353904020448113,NA,0.283800715618205,0.300848247527172,NA,0.174355732667627,0.158636905399617,0.177500470751683,NA,0.246509542910053,0.263512561672666
0.0802737418938765,NA,0.16630003287105,0.0872353947190753,0.0962086300581823,0.177072856646322,0.0595513242066544,0.00807583656954259,0.149114942408472,0.115128342463535,0.103480441534638,0.0155359758996335,0.0828873117666426,0.0853654671479941,0.0991869742845073,0.110501002842138,0.0709320081465642,0.287134923973703,0.141637900434699,0.235741279152724,0.0910988240142908,0.144194603308155,0.135762195992169,NA,0.1209072488129,0.0169268501765312,NA,NA,NA,0.0953940276609042,0.0411246655381421,0.0502231423950805,0.291535243192965,0.0698031707934862,NA,0.117244134987448,0.301694738322914,0.0743918698552836,0.294284231661293,0.217166386769779,NA,0.200888407398332,0.191285559249039,0,NA,0.210592052752742,0.221542373711138,0.0835804651493494,0.117974044483047,0.133745583321967,NA,0.208102429968698,NA,0.11857965382028,0.166306736625351,NA,0.0261740261592724,0.105123833249908,0.292726879939774,NA,0.116480942922168,0.150083739550535
NA,NA,NA,NA,NA,NA,NA,NA,NA,NA,NA,NA,NA,NA,NA,NA,NA,NA,NA,NA,NA,NA,NA,NA,NA,NA,NA,NA,NA,NA,NA,NA,NA,NA,NA,NA,NA,NA,NA,NA,NA,NA,NA,NA,0,NA,NA,NA,NA,NA,NA,NA,NA,NA,NA,NA,NA,NA,NA,NA,NA,NA
0.277659131651282,NA,0.301254674915455,0.293132207010457,0.204021713373881,0.367736978753204,0.196870527691376,0.207048400076682,0.323210289010712,0.253348897432909,0.309614246745358,0.196682146319733,0.285226058899366,0.20177439499816,0.279871725427653,0.311440762933287,0.187186649147184,0.108207143781212,0.262485660423384,0.0830485582092684,0.292915341157335,0.307288400023724,0.317608329996906,NA,0.270917063305142,0.207694879788129,NA,NA,NA,0.300721300099553,0.195962369917404,0.186863264530822,0.123308465296065,0.251386382603877,NA,0.269711737333432,0.120537854025388,0.172827224613009,0.104509589656188,0.402235091901255,NA,0.0216517292940727,0.0424256605855543,0.210592052752742,NA,0,0.0366144176446669,0.27361854659715,0.185760746163689,0.268034516280187,NA,0.387555303751206,NA,0.312691139525862,0.335205217930912,NA,0.197739280898944,0.19487128472248,0.135435382107752,NA,0.279854795222612,0.299484232558404
0.281476441598022,NA,0.291130564801398,0.299301770061729,0.198326173011379,0.366903082031407,0.197936513060584,0.219216587670289,0.319607220570871,0.24702457802561,0.315523470694391,0.206669791119785,0.290256147145183,0.198033648075632,0.279643579514768,0.315222108100453,0.186487017363793,0.135435382107752,0.252414271485269,0.0467452647894884,0.297527201080652,0.302082497189403,0.315960421056405,NA,0.265323448546659,0.221346028880503,NA,NA,NA,0.306458269795571,0.200510677199142,0.190349293402595,0.152487944080924,0.253128777754322,NA,0.264647134526921,0.0893067029840076,0.172473687044053,0.127705466108925,0.399104100967584,NA,0.0576971671208636,0.0307473374792477,0.221542373711138,NA,0.0366144176446669,0,0.275786754176621,0.175866202481172,0.259860439043916,NA,0.383285139396828,NA,0.314324267152111,0.330041067426317,NA,0.205012463178915,0.187448523700923,0.166306736625351,NA,0.276158410107191,0.292055810701408
0.0134390043894244,NA,0.0987250606036548,0.0380698586805191,0.089409632248885,0.0963591551461058,0.0778554922667812,0.0914073083338461,0.066213104997145,0.0656763416453087,0.0484435140106069,0.0892348941951538,0.0256578073234766,0.0840228073032879,0.018843618662266,0.0408185476521707,0.089922511330125,0.361847794723256,0.0910896451373075,0.277479393262082,0.0280551076222935,0.06559990959319,0.0521827394601771,NA,0.0579718597178733,0.0986262013521633,NA,NA,NA,0.040489471022661,0.0781984067202016,0.0867644633478125,0.368273193338063,0.0227072978734734,NA,0.0540868269419367,0.344187834640259,0.103507372033867,0.366824070963926,0.134988076283937,NA,0.268399253587725,0.245185395649444,0.0835804651493494,NA,0.27361854659715,0.275786754176621,0,0.119690905439539,0.0770783569932799,NA,0.124793581014123,NA,0.0391170202684578,0.0838900173233429,NA,0.0806374827965151,0.103175638393795,0.371102646379121,NA,0.0443967029219331,0.0778232665689671
