"Abraham Lincoln","Adolf Hitler","Albert Einstein","Alexander the Great","Andrew Jackson","Barack Obama","Benito Mussolini","Benjamin Franklin","Bill Clinton","Bill Gates","Charlemagne","Christopher Columbus","Cleopatra","Constantine the Great","Dwight D. Eisenhower","Elizabeth I of England","Elizabeth II","Fidel Castro","Franklin D. Roosevelt","Gautama Buddha","Genghis Khan","George H. W. Bush","George W. Bush","George Washington","Harry Truman","Henry Ford","Henry VIII of England","Hillary Clinton","Jesus Christ","Joan of Arc","John Adams","John F. Kennedy","Joseph Stalin","Julius Caesar","Karl Marx","Lyndon B. Johnson","Mahatma Gandhi","Malcolm X","Mao Zedong","Margaret Thatcher","Martin Luther King Jr.","Mikhail Gorbachev","Mother Teresa","Napoleon Bonaparte","Nelson Mandela","Pope Francis","Pope John Paul II","Prophet Muhammad","Queen Victoria","Richard Nixon","Robert E. Lee","Ronald Reagan","Rosa Parks","Saddam Hussein","Theodore Roosevelt","Thomas Edison","Thomas Jefferson","Ulysses S. Grant","Vladimir Lenin","Vladimir Putin","Winston Churchill","Woodrow Wilson"
0,0.474947050779997,0.518752796336119,0.734112600610054,0.13957318478884,0.0708847331647309,0.417564804892421,0.162913451582719,0.148108604424332,0.465766458687065,0.698057395763657,0.687478358783073,NA,0.761032314711281,NA,0.313093603697221,NA,NA,0.15035943185184,NA,0.691579136289471,0.0785862831310462,0.0302899229805785,0.103225076047983,NA,0.454639525379879,0.351055029965752,0.0845203212119664,0.709153379031957,0.75283326178591,0.130107176546741,0.0499890403197622,0.361065456403925,0.743200989611641,NA,0.0924314730949081,0.684297099852783,0.682254531056579,0.522324438563656,0.342100001657076,NA,0.377995891711539,0.653185822987682,NA,0.690999650058199,0.647432936516568,0.650662818087098,0.711244169242197,0.328099115078792,0.0766750844408122,0.205404388238348,0.134902197051678,NA,NA,0.118281088452312,0.512631004693099,0.0748900245700374,0.21923734390752,0.517198240541862,0.373316534785424,0.303486450774585,NA
0.474947050779997,0,0.374212602001654,0.368895526900439,0.531073506336521,0.405582531222504,0.0574559001418793,0.441780759982677,0.434799390803313,0.400810988984215,0.377142948961157,0.355982968745316,NA,0.410643565708577,NA,0.545864328266389,NA,NA,0.375962060233509,NA,0.36691115740873,0.420050630114071,0.485796442767212,0.445023053211091,NA,0.384116557545432,0.574025777412082,0.439644740566887,0.238636161446614,0.397978992451964,0.379749753992008,0.478596465994423,0.113974748514588,0.382736333613976,NA,0.504772714917347,0.240708138892082,0.231401732207251,0.201410865689314,0.565549084918767,NA,0.181394050843216,0.188244177518002,NA,0.253455961603062,0.177866712188365,0.183079814148801,0.243126610971585,0.553911344598562,0.515281955457689,0.545085336106213,0.42718291308993,NA,NA,0.521743687455498,0.364569941003292,0.408811433596737,0.553716327929146,0.190128087631137,0.171195355040618,0.539250420157384,NA
0.518752796336119,0.374212602001654,0,0.291245181217829,0.470225359877165,0.460921625629811,0.365566842279004,0.376518489588979,0.384769231586544,0.0766281174157634,0.227417164303896,0.229918518012842,NA,0.296323257417226,NA,0.349706226406514,NA,NA,0.368577182910335,NA,0.226401753790555,0.440211129686062,0.506854458165998,0.425744747211838,NA,0.075852558461921,0.353156933490197,0.438428159163705,0.451521149732207,0.294270660820055,0.389814191565326,0.486183442194301,0.364382269288767,0.292714314246107,NA,0.478743240333471,0.367885108707107,0.380849586373316,0.192457752797855,0.349899899074255,NA,0.226536634312874,0.399783542835293,NA,0.360630106157079,0.412102930315565,0.406695659695385,0.442810785641754,0.347147225846353,0.502932299579535,0.433701544650414,0.392157979565248,NA,NA,0.476696187618848,0.00982033501276149,0.448214391417198,0.432609990846154,0.201335562487786,0.240498206244141,0.349884933029127,NA
0.734112600610054,0.368895526900439,0.291245181217829,0,0.724303235415613,0.665796547975493,0.403163096038387,0.624287601039386,0.627447460834938,0.367102588296044,0.0713831661553802,0.0616597220037088,NA,0.0440790403498498,NA,0.634604656643099,NA,NA,0.590937637338531,NA,0.0678992406675803,0.659141924658948,0.73135836320324,0.660212064180411,NA,0.362585065884898,0.642043541883758,0.666546907206919,0.266229762368839,0.0307048727674242,0.607241185614406,0.714828019759285,0.440616131853461,0.0145028610448885,NA,0.720482647448676,0.176568426869934,0.195726207501122,0.214289545524228,0.638014581443635,NA,0.358886159932733,0.247607000685521,NA,0.159818425866722,0.268042981484943,0.258475378810088,0.25254353925729,0.633821130202346,0.741021350153237,0.701969116115191,0.629565093139587,NA,NA,0.725509442768142,0.289150503219223,0.659222688064336,0.703654857727552,0.221415000916918,0.366189719075341,0.63345750653883,NA
0.13957318478884,0.531073506336521,0.470225359877165,0.724303235415613,0,0.162196023427581,0.476536191765291,0.100411430264175,0.100480940196967,0.404087740788561,0.676927707713087,0.670652207161457,NA,0.74423205558699,NA,0.189716808128766,NA,NA,0.155228860439304,NA,0.67222547915718,0.126658017371189,0.109339657373436,0.0882026187320278,NA,0.397347467920031,0.224399932350979,0.100601382603202,0.749965952849064,0.738121902685498,0.152722850573989,0.0922045832536912,0.423130994705794,0.731092650125611,NA,0.0474175561368548,0.70841704162064,0.710151231494701,0.525239540293923,0.216561810338271,NA,0.392186631941491,0.691148828973932,NA,0.711876599345863,0.689443111174794,0.690783638743934,0.749477467439567,0.20410434740407,0.0663306544292278,0.0694999289362962,0.104619164782914,NA,NA,0.0213493368195576,0.466354927076747,0.146998839829627,0.0825496178223177,0.522963375184015,0.392504449474174,0.181078030471329,NA
0.0708847331647309,0.405582531222504,0.460921625629811,0.665796547975493,0.162196023427581,0,0.348344684192288,0.138327184506332,0.121491490326156,0.413494093576135,0.631749712647883,0.620436830470802,NA,0.693711729546317,NA,0.301462362864086,NA,NA,0.096366521484632,NA,0.624970323035841,0.0408977651222634,0.0810155756940456,0.0867170130735404,NA,0.400973993352411,0.340556257267377,0.0663651840914124,0.638767346626509,0.685198849574679,0.0736384398813534,0.0794903570510355,0.291979550842823,0.67519381975505,NA,0.119054238783411,0.613424151397424,0.611374274260669,0.453138998537342,0.33092881395218,NA,0.308400857967946,0.582572950901816,NA,0.620179180213203,0.577057249856292,0.580167471099156,0.640699624133217,0.316201580563349,0.118598864474899,0.214562247257114,0.105102934961822,NA,NA,0.144032253456883,0.454180736350845,0.0192025330507179,0.228206354010213,0.447709058562782,0.303252346383263,0.291609043177659,NA
0.417564804892421,0.0574559001418793,0.365566842279004,0.403163096038387,0.476536191765291,0.348344684192288,0,0.389439557253235,0.381621642409344,0.381382580890969,0.402385197076801,0.382595784757122,NA,0.443003402572731,NA,0.501549948860493,NA,NA,0.321849387470885,NA,0.392525850502582,0.363592210171295,0.4287086363045,0.389825385852704,NA,0.364144173262598,0.531541045084724,0.383717881242866,0.295267338856276,0.430902415232415,0.324504352462407,0.421893686898624,0.0565275101933462,0.416396635479984,NA,0.448968286918186,0.290412428808447,0.282904912149341,0.213945630005596,0.522726552513204,NA,0.15155906568154,0.243185833764664,NA,0.301801256016581,0.23406097645834,0.238740370180694,0.299199342616194,0.510467678279756,0.458862588817059,0.493421067627201,0.373259838079608,NA,NA,0.466555361023088,0.355752437600207,0.351895561859063,0.502578385688521,0.202937403959321,0.138951188727933,0.494442804022691,NA
0.162913451582719,0.441780759982677,0.376518489588979,0.624287601039386,0.100411430264175,0.138327184506332,0.389439557253235,0,0.0168417356031404,0.3148555775122,0.577996263701102,0.57117688319984,NA,0.644891484888042,NA,0.16379699350926,NA,NA,0.0736917538581653,NA,0.573049608382344,0.0987185660045832,0.141409645746505,0.0597639795781579,NA,0.306162756881353,0.202890091933763,0.0800115391172158,0.654024216948538,0.63854494178771,0.0846608951116699,0.118413829089319,0.338877058366432,0.631263070815565,NA,0.102364378913705,0.609567214366893,0.611853912345592,0.42496094885782,0.193159362718729,NA,0.293793148664034,0.594858699103529,NA,0.612606412687659,0.594117506583773,0.594991645326624,0.652959975443859,0.17835854915738,0.127225222620491,0.104473074792943,0.0333252994199923,NA,NA,0.101804399198611,0.37190591098722,0.119144921663756,0.114814923660987,0.422833875662378,0.295019317034879,0.153967846082324,NA
0.148108604424332,0.434799390803313,0.384769231586544,0.627447460834938,0.100480940196967,0.121491490326156,0.381621642409344,0.0168417356031404,0,0.324994142235859,0.58265009780322,0.575217107867408,NA,0.649051062997292,NA,0.180550100663176,NA,NA,0.061751656495188,NA,0.577447132569882,0.0820046598840301,0.127994633614662,0.0450218177877839,NA,0.31565356898364,0.219651458789971,0.0642928198000768,0.650201238224571,0.64240740018102,0.0698381605810645,0.105339326662123,0.330070586068411,0.63475402745991,NA,0.0946335863527775,0.607937129294698,0.609700531978687,0.425675043564927,0.209934784520411,NA,0.291707791506437,0.591234787102254,NA,0.611441364169026,0.589924174352679,0.591065928387413,0.649491624753069,0.195142876164072,0.118188819740962,0.114968748400057,0.0165146804775352,NA,NA,0.0983066093191592,0.379821566780042,0.102313210579141,0.12628278464936,0.423109336827734,0.292138676122055,0.170714194002052,NA
0.465766458687065,0.400810988984215,0.0766281174157634,0.367102588296044,0.404087740788561,0.413494093576135,0.381382580890969,0.3148555775122,0.324994142235859,0,0.304009745463189,0.306025183987692,NA,0.372948144646882,NA,0.2738231635349,NA,NA,0.318035873078103,NA,0.302841958068481,0.388153596344067,0.450851865915428,0.368063288088324,NA,0.01744000302196,0.276536438395424,0.382861729182427,0.510064241354526,0.370806618219397,0.34033322743893,0.429144069337841,0.368680171821867,0.368974774314822,NA,0.41701239261744,0.431373317245889,0.442724056040821,0.24329795863934,0.273346649042057,NA,0.231502128837948,0.455330076669946,NA,0.425801885439493,0.465496319617143,0.46114405715137,0.502531496734367,0.270840759831577,0.44208069171968,0.362851846523471,0.334336106790305,NA,NA,0.412389792164653,0.0779520909020973,0.398921670020119,0.360782840880856,0.250034225858426,0.245141950013637,0.274379177702823,NA
0.698057395763657,0.377142948961157,0.227417164303896,0.0713831661553802,0.676927707713087,0.631749712647883,0.402385197076801,0.577996263701102,0.58265009780322,0.304009745463189,0,0.0228881794073967,NA,0.0692089256584836,NA,0.575391186520901,NA,NA,0.551183145174854,NA,0.0104448010277857,0.621268144031623,0.69274468606129,0.618088872611093,NA,0.301288971417085,0.580416756702353,0.626258981613918,0.317942213794181,0.0670504162649156,0.56903924002799,0.674895487963044,0.432129580946067,0.0680917719822036,NA,0.67683148817907,0.224507347605831,0.243243696653974,0.194671029830528,0.576936811118189,NA,0.331812111898016,0.288763898832977,NA,0.209468655266752,0.308160928590348,0.299192779395988,0.305025746058889,0.573637943436471,0.698606511332356,0.649768209307945,0.586274971598679,NA,NA,0.6797737784379,0.226577082812261,0.623466262929061,0.650464942415316,0.204267839066186,0.341251007238125,0.574900103909179,NA
0.687478358783073,0.355982968745316,0.229918518012842,0.0616597220037088,0.670652207161457,0.620436830470802,0.382595784757122,0.57117688319984,0.575217107867408,0.306025183987692,0.0228881794073967,0,NA,0.0739149574509954,NA,0.575010155007941,NA,NA,0.54176307993262,NA,0.0127495044640939,0.611249353219982,0.683054371753097,0.609633250492437,NA,0.302015535132282,0.581566858882215,0.617118762795248,0.29616306525418,0.0676061884378667,0.559078891054595,0.665668237411097,0.413816900588245,0.0631215198305889,NA,0.669022731050036,0.202552135278901,0.221166534565202,0.177702873299545,0.577723840556986,NA,0.317739362307798,0.266084663053065,NA,0.187804958008314,0.285412286751472,0.276479624432426,0.283385757606178,0.573852235100331,0.690331817772028,0.64566647726795,0.578241768725069,NA,NA,0.672810109490278,0.228105463323707,0.612716101071326,0.646847126375562,0.186798484584148,0.326603433465939,0.574127825443363,NA
NA,NA,NA,NA,NA,NA,NA,NA,NA,NA,NA,NA,0,NA,NA,NA,NA,NA,NA,NA,NA,NA,NA,NA,NA,NA,NA,NA,NA,NA,NA,NA,NA,NA,NA,NA,NA,NA,NA,NA,NA,NA,NA,NA,NA,NA,NA,NA,NA,NA,NA,NA,NA,NA,NA,NA,NA,NA,NA,NA,NA,NA
0.761032314711281,0.410643565708577,0.296323257417226,0.0440790403498498,0.74423205558699,0.693711729546317,0.443003402572731,0.644891484888042,0.649051062997292,0.372948144646882,0.0692089256584836,0.0739149574509954,NA,0,NA,0.64459656069163,NA,NA,0.615617139651796,NA,0.0722807399169757,0.684981008958803,0.756848041021375,0.683548191016274,NA,0.370450456813743,0.649438376685383,0.690999650058199,0.307923292295541,0.0133758717232356,0.63283324692937,0.739536316590994,0.478416811290718,0.0295903259303024,NA,0.742908528008381,0.219718995266219,0.238823064912951,0.246795420419625,0.646027619571604,NA,0.389437596335327,0.291342180616701,NA,0.202788979262511,0.311826906417973,0.30222605266906,0.294083013492007,0.64280533590109,0.76424502773688,0.718271887549816,0.652141458865478,NA,NA,0.746567753561818,0.29567827844901,0.686226607061846,0.719155004639721,0.254957999583663,0.397706972780157,0.644107768978686,NA
NA,NA,NA,NA,NA,NA,NA,NA,NA,NA,NA,NA,NA,NA,0,NA,NA,NA,NA,NA,NA,NA,NA,NA,NA,NA,NA,NA,NA,NA,NA,NA,NA,NA,NA,NA,NA,NA,NA,NA,NA,NA,NA,NA,NA,NA,NA,NA,NA,NA,NA,NA,NA,NA,NA,NA,NA,NA,NA,NA,NA,NA
0.313093603697221,0.545864328266389,0.349706226406514,0.634604656643099,0.189716808128766,0.301462362864086,0.501549948860493,0.16379699350926,0.180550100663176,0.2738231635349,0.575391186520901,0.575010155007941,NA,0.64459656069163,NA,0,NA,NA,0.228713001815841,NA,0.573239380050749,0.261025587615858,0.2857442537868,0.217254372132912,NA,0.274393093440184,0.0391087718614464,0.238746310536092,0.726572972486844,0.641434101554808,0.245290987499318,0.26344430320893,0.459799075317647,0.638083486538177,NA,0.227385021585955,0.664592109910589,0.671353754034172,0.468253605297324,0.0294869145897797,NA,0.371382228579116,0.66738028591443,NA,0.663445999989416,0.671385765443362,0.670020756806009,0.722538843461298,0.0150129255090981,0.252113352328399,0.123295556292184,0.197063807873279,NA,NA,0.208008415700008,0.349339170447215,0.282268694558248,0.113652682411481,0.470113985069408,0.378353600411977,0.00985360558242157,NA
NA,NA,NA,NA,NA,NA,NA,NA,NA,NA,NA,NA,NA,NA,NA,NA,0,NA,NA,NA,NA,NA,NA,NA,NA,NA,NA,NA,NA,NA,NA,NA,NA,NA,NA,NA,NA,NA,NA,NA,NA,NA,NA,NA,NA,NA,NA,NA,NA,NA,NA,NA,NA,NA,NA,NA,NA,NA,NA,NA,NA,NA
NA,NA,NA,NA,NA,NA,NA,NA,NA,NA,NA,NA,NA,NA,NA,NA,NA,0,NA,NA,NA,NA,NA,NA,NA,NA,NA,NA,NA,NA,NA,NA,NA,NA,NA,NA,NA,NA,NA,NA,NA,NA,NA,NA,NA,NA,NA,NA,NA,NA,NA,NA,NA,NA,NA,NA,NA,NA,NA,NA,NA,NA
0.15035943185184,0.375962060233509,0.368577182910335,0.590937637338531,0.155228860439304,0.096366521484632,0.321849387470885,0.0736917538581653,0.061751656495188,0.318035873078103,0.551183145174854,0.54176307993262,NA,0.615617139651796,NA,0.228713001815841,NA,NA,0,NA,0.545154580458637,0.071782460235533,0.141670934044362,0.0724254885085314,NA,0.306032670114121,0.26707337846499,0.0756307458228335,0.596097157350544,0.608043353976832,0.0227734988725205,0.123952991353493,0.269377878087009,0.59924436915427,NA,0.134607512543299,0.558552568952852,0.559126305983659,0.383196675939776,0.25717849061897,NA,0.243271950272371,0.537631358305473,NA,0.563138496616787,0.535237915282913,0.536879841881474,0.596074646256444,0.24239725713247,0.151745382183939,0.17669504196047,0.0514601259638231,NA,NA,0.147453070480236,0.362347896455856,0.0809104743624091,0.187814252005265,0.379438216512334,0.241753713884358,0.219176129795128,NA
NA,NA,NA,NA,NA,NA,NA,NA,NA,NA,NA,NA,NA,NA,NA,NA,NA,NA,NA,0,NA,NA,NA,NA,NA,NA,NA,NA,NA,NA,NA,NA,NA,NA,NA,NA,NA,NA,NA,NA,NA,NA,NA,NA,NA,NA,NA,NA,NA,NA,NA,NA,NA,NA,NA,NA,NA,NA,NA,NA,NA,NA
0.691579136289471,0.36691115740873,0.226401753790555,0.0678992406675803,0.67222547915718,0.624970323035841,0.392525850502582,0.573049608382344,0.577447132569882,0.302841958068481,0.0104448010277857,0.0127495044640939,NA,0.0722807399169757,NA,0.573239380050749,NA,NA,0.545154580458637,NA,0,0.615007055756252,0.686625680882437,0.612466780878946,NA,0.299532783516824,0.578955613040114,0.620356469144021,0.308721180493184,0.0681990321782996,0.562794142438539,0.668963536011575,0.422737112170537,0.0667323887822064,NA,0.671485527253193,0.215157830820882,0.233809151494634,0.185654979411463,0.575310601099698,NA,0.323902020243438,0.278833935607772,NA,0.200314837105024,0.298155439443186,0.289227083141509,0.295897729038425,0.571752834977207,0.693069649858774,0.645992325041339,0.580822791529894,NA,NA,0.674781679883215,0.225114419769187,0.616910658383744,0.646898901325074,0.195091437141101,0.333130211391629,0.572573475044564,NA
0.0785862831310462,0.420050630114071,0.440211129686062,0.659141924658948,0.126658017371189,0.0408977651222634,0.363592210171295,0.0987185660045832,0.0820046598840301,0.388153596344067,0.621268144031623,0.611249353219982,NA,0.684981008958803,NA,0.261025587615858,NA,NA,0.071782460235533,NA,0.615007055756252,0,0.0723938494847593,0.0459784839244121,NA,0.376675208326874,0.30008987624829,0.0267190994520709,0.648730283072773,0.677084981890033,0.0522344488956851,0.0593242631486785,0.308097907315963,0.667854985309888,NA,0.0881580806996996,0.617666005876549,0.616879003389269,0.449025628404647,0.290508579678981,NA,0.30613923843661,0.591378140745422,NA,0.623363716458405,0.587226741002858,0.589701293251576,0.649798429991884,0.275823840671617,0.0952712436154516,0.174728129110721,0.0659942832270913,NA,NA,0.110555147561704,0.43405682704522,0.0222059515820725,0.188232006914211,0.444516792033903,0.302779991538384,0.251173034421824,NA
0.0302899229805785,0.485796442767212,0.506854458165998,0.73135836320324,0.109339657373436,0.0810155756940456,0.4287086363045,0.141409645746505,0.127994633614662,0.450851865915428,0.69274468606129,0.683054371753097,NA,0.756848041021375,NA,0.2857442537868,NA,NA,0.141670934044362,NA,0.686625680882437,0.0723938494847593,0,0.0833139032684183,NA,0.440532189523827,0.323303289956711,0.0684273982878979,0.71747496677685,0.749075760009085,0.124124496672486,0.0231959254933163,0.372480408332833,0.739977112283162,NA,0.0623616727216778,0.688817641903439,0.687607676513824,0.521419071411667,0.314510632399298,NA,0.378387911124829,0.660689767307487,NA,0.694823775014236,0.655827052074643,0.65864289186457,0.718994642720186,0.300716324254394,0.0469435420894361,0.175724271180065,0.116762411535985,NA,NA,0.0880268100781269,0.501162625332404,0.0775451741391624,0.189500471496637,0.516888287963575,0.374786765410033,0.276244353489861,NA
0.103225076047983,0.445023053211091,0.425744747211838,0.660212064180411,0.0882026187320278,0.0867170130735404,0.389825385852704,0.0597639795781579,0.0450218177877839,0.368063288088324,0.618088872611093,0.609633250492437,NA,0.683548191016274,NA,0.217254372132912,NA,NA,0.0724254885085314,NA,0.612466780878946,0.0459784839244121,0.0833139032684183,0,NA,0.358124796786315,0.256161806228211,0.021491938936994,0.667900558303329,0.676399056681783,0.065321354740731,0.0611052104457909,0.335798322554856,0.668101761016918,NA,0.0621882435728865,0.630974743892454,0.631533128195552,0.454370694226838,0.246718493173613,NA,0.315527395146756,0.609606049486016,NA,0.635513229739715,0.606877455114837,0.608688198848736,0.668071551813545,0.232174559184902,0.0808092864791761,0.129294655864051,0.0337481849474123,NA,NA,0.0767376624248782,0.420400322003913,0.0681798338015906,0.142644017061857,0.450934129147495,0.314167392038533,0.207428594317073,NA
NA,NA,NA,NA,NA,NA,NA,NA,NA,NA,NA,NA,NA,NA,NA,NA,NA,NA,NA,NA,NA,NA,NA,NA,0,NA,NA,NA,NA,NA,NA,NA,NA,NA,NA,NA,NA,NA,NA,NA,NA,NA,NA,NA,NA,NA,NA,NA,NA,NA,NA,NA,NA,NA,NA,NA,NA,NA,NA,NA,NA,NA
0.454639525379879,0.384116557545432,0.075852558461921,0.362585065884898,0.397347467920031,0.400973993352411,0.364144173262598,0.306162756881353,0.31565356898364,0.01744000302196,0.301288971417085,0.302015535132282,NA,0.370450456813743,NA,0.274393093440184,NA,NA,0.306032670114121,NA,0.299532783516824,0.376675208326874,0.440532189523827,0.358124796786315,NA,0,0.279551348291666,0.372318407781863,0.497577209978607,0.367697942265632,0.328133028609834,0.419102115235152,0.351240194105855,0.365120426033655,NA,0.40850389957303,0.420332067972642,0.431201058652239,0.230136679571621,0.275783890249961,NA,0.214112306952443,0.44227436661524,NA,0.415291646064211,0.45199060346014,0.447853045174141,0.490339969751278,0.272355071468684,0.433288065125536,0.358584485939003,0.324377249206002,NA,NA,0.404869643842588,0.0749468151547788,0.386794265676858,0.357168214333168,0.236442705360023,0.227734988725206,0.274322712326597,NA
0.351055029965752,0.574025777412082,0.353156933490197,0.642043541883758,0.224399932350979,0.340556257267377,0.531541045084724,0.202890091933763,0.219651458789971,0.276536438395424,0.580416756702353,0.581566858882215,NA,0.649438376685383,NA,0.0391087718614464,NA,NA,0.26707337846499,NA,0.578955613040114,0.30008987624829,0.323303289956711,0.256161806228211,NA,0.279551348291666,0,0.277651024208321,0.747147215353908,0.647061451111156,0.284040598031642,0.301245879568269,0.491676181023774,0.644669839022741,NA,0.264011845318407,0.681821058914953,0.689498174674062,0.485158253183577,0.00989779237618216,NA,0.396829868540555,0.688325067190654,NA,0.6797737784379,0.693298796263534,0.691474227217308,0.74250311974658,0.0247036657288979,0.288222008601134,0.156047564511993,0.236165705121964,NA,NA,0.243513093676376,0.35387657943827,0.321364649485879,0.144851730160653,0.487831026349988,0.404700391161629,0.0489570453680104,NA
0.0845203212119664,0.439644740566887,0.438428159163705,0.666546907206919,0.100601382603202,0.0663651840914124,0.383717881242866,0.0800115391172158,0.0642928198000768,0.382861729182427,0.626258981613918,0.617118762795248,NA,0.690999650058199,NA,0.238746310536092,NA,NA,0.0756307458228335,NA,0.620356469144021,0.0267190994520709,0.0684273982878979,0.021491938936994,NA,0.372318407781863,0.277651024208321,0,0.665673973404994,0.683519302917789,0.0621882435728866,0.0486732210621392,0.328829807555414,0.674806253706974,NA,0.0653213547407309,0.631621221741591,0.63152708210944,0.458598136337607,0.268210206896108,NA,0.317631877490403,0.607820835050502,NA,0.636720073721266,0.604374131267456,0.606521240864344,0.666296608468936,0.25366592220438,0.0775901800478492,0.148319852295801,0.0504063110889765,NA,NA,0.0855734586765514,0.432752951031879,0.0485520371433042,0.161907892532377,0.454665439981136,0.315328179761298,0.228920398534548,NA
0.709153379031957,0.238636161446614,0.451521149732207,0.266229762368839,0.749965952849064,0.638767346626509,0.295267338856276,0.654024216948538,0.650201238224571,0.510064241354526,0.317942213794181,0.29616306525418,NA,0.307923292295541,NA,0.726572972486844,NA,NA,0.596097157350544,NA,0.308721180493184,0.648730283072773,0.71747496677685,0.667900558303329,NA,0.497577209978607,0.747147215353908,0.665673973404994,0,0.295143169183412,0.60390842382891,0.708005597020926,0.351052854638865,0.279684390608436,NA,0.729506657861151,0.0937684884512629,0.0758338590910279,0.267868320979088,0.74021045513464,NA,0.362331939133058,0.0595500234239008,NA,0.108499314113872,0.0617216160544291,0.0592175084699323,0.0140830626268308,0.731235887587055,0.742901919865209,0.752386078341769,0.645469267106112,NA,NA,0.74353280588897,0.444348155644624,0.63993753962145,0.758836898794835,0.262752666490541,0.359466594493436,0.721949150138057,NA
0.75283326178591,0.397978992451964,0.294270660820055,0.0307048727674242,0.738121902685498,0.685198849574679,0.430902415232415,0.63854494178771,0.64240740018102,0.370806618219397,0.0670504162649156,0.0676061884378667,NA,0.0133758717232356,NA,0.641434101554808,NA,NA,0.608043353976832,NA,0.0681990321782996,0.677084981890033,0.749075760009085,0.676399056681783,NA,0.367697942265632,0.647061451111156,0.683519302917789,0.295143169183412,0,0.624994062538003,0.731993385898596,0.466920925339702,0.0162146915823021,NA,0.736049656421387,0.206550000684446,0.225670555673206,0.236653469684652,0.643462476882785,NA,0.380013096895144,0.278038955414714,NA,0.189659295877806,0.298512705740691,0.288919508889369,0.281339590812899,0.639945722407871,0.757152984838221,0.713241499333686,0.64520842454224,NA,NA,0.740119662111896,0.29318837417912,0.677983451327242,0.714366055843052,0.244539092270133,0.388007699561903,0.640746788027532,NA
0.130107176546741,0.379749753992008,0.389814191565326,0.607241185614406,0.152722850573989,0.0736384398813534,0.324504352462407,0.0846608951116699,0.0698381605810645,0.34033322743893,0.56903924002799,0.559078891054595,NA,0.63283324692937,NA,0.245290987499318,NA,NA,0.0227734988725205,NA,0.562794142438539,0.0522344488956851,0.124124496672486,0.065321354740731,NA,0.328133028609834,0.284040598031642,0.0621882435728866,0.60390842382891,0.624994062538003,0,0.108429913812224,0.27057357357381,0.615855264613053,NA,0.12572434373827,0.569452429490513,0.569340346037843,0.397808453480634,0.274174733810483,NA,0.255897625180749,0.545906096422043,NA,0.574616910098503,0.542704664976571,0.544727166365415,0.604385683616399,0.259338331020378,0.139777040001074,0.18298265969109,0.0555522038483786,NA,NA,0.142056205810408,0.383416112332979,0.0586715256914765,0.195008658937754,0.39356947189025,0.253302253148322,0.235608412525201,NA
0.0499890403197622,0.478596465994423,0.486183442194301,0.714828019759285,0.0922045832536912,0.0794903570510355,0.421893686898624,0.118413829089319,0.105339326662123,0.429144069337841,0.674895487963044,0.665668237411097,NA,0.739536316590994,NA,0.26344430320893,NA,NA,0.123952991353493,NA,0.668963536011575,0.0593242631486785,0.0231959254933163,0.0611052104457909,NA,0.419102115235152,0.301245879568269,0.0486732210621392,0.708005597020926,0.731993385898596,0.108429913812224,0,0.366079771472717,0.723185834442984,NA,0.0449247878952769,0.676733481694667,0.676083991253754,0.506159196051644,0.292351827913193,NA,0.364230444896308,0.650695009114525,NA,0.682274358617281,0.646481379381079,0.648992903983476,0.709110918811032,0.278437708754858,0.0391087718614464,0.155974840488697,0.0948086504598376,NA,NA,0.0714534327115888,0.480666293460685,0.0706457804585453,0.169865350446224,0.501987612513083,0.361316753009565,0.253886022083046,NA
0.361065456403925,0.113974748514588,0.364382269288767,0.440616131853461,0.423130994705794,0.291979550842823,0.0565275101933462,0.338877058366432,0.330070586068411,0.368680171821867,0.432129580946067,0.413816900588245,NA,0.478416811290718,NA,0.459799075317647,NA,NA,0.269377878087009,NA,0.422737112170537,0.308097907315963,0.372480408332833,0.335798322554856,NA,0.351240194105855,0.491676181023774,0.328829807555414,0.351052854638865,0.466920925339702,0.27057357357381,0.366079771472717,0,0.453193645820116,NA,0.394146991153881,0.341140697032416,0.334983837426759,0.238277481865472,0.482534660023686,NA,0.138750051489102,0.297860015050333,NA,0.351443575731962,0.289612315846167,0.293916775156429,0.354552920937659,0.469649406787725,0.403341919593572,0.443287249029115,0.32082545722017,NA,NA,0.412418097044088,0.354635373389271,0.295878925365612,0.453022459852387,0.228143720967913,0.124748708782721,0.452173037172108,NA
0.743200989611641,0.382736333613976,0.292714314246107,0.0145028610448885,0.731092650125611,0.67519381975505,0.416396635479984,0.631263070815565,0.63475402745991,0.368974774314822,0.0680917719822036,0.0631215198305889,NA,0.0295903259303024,NA,0.638083486538177,NA,NA,0.59924436915427,NA,0.0667323887822064,0.667854985309888,0.739977112283162,0.668101761016918,NA,0.365120426033655,0.644669839022741,0.674806253706974,0.279684390608436,0.0162146915823021,0.615855264613053,0.723185834442984,0.453193645820116,0,NA,0.728092088783354,0.190599732984705,0.209738782715011,0.224904968565892,0.640842637519962,NA,0.369012913457983,0.261908045798524,NA,0.173765832518171,0.28236761851936,0.272784131152817,0.265932510727118,0.63696726539449,0.748898788977996,0.707557218383056,0.637193302693147,NA,NA,0.732670742311661,0.291096810767047,0.668318737262698,0.708979214416147,0.232403746846666,0.376646244896178,0.637152895850803,NA
NA,NA,NA,NA,NA,NA,NA,NA,NA,NA,NA,NA,NA,NA,NA,NA,NA,NA,NA,NA,NA,NA,NA,NA,NA,NA,NA,NA,NA,NA,NA,NA,NA,NA,0,NA,NA,NA,NA,NA,NA,NA,NA,NA,NA,NA,NA,NA,NA,NA,NA,NA,NA,NA,NA,NA,NA,NA,NA,NA,NA,NA
0.0924314730949081,0.504772714917347,0.478743240333471,0.720482647448676,0.0474175561368548,0.119054238783411,0.448968286918186,0.102364378913705,0.0946335863527775,0.41701239261744,0.67683148817907,0.669022731050036,NA,0.742908528008381,NA,0.227385021585955,NA,NA,0.134607512543299,NA,0.671485527253193,0.0881580806996996,0.0623616727216778,0.0621882435728865,NA,0.40850389957303,0.264011845318407,0.0653213547407309,0.729506657861151,0.736049656421387,0.12572434373827,0.0449247878952769,0.394146991153881,0.728092088783354,NA,0,0.693159995467434,0.693674614934269,0.515931939647494,0.255552927750075,NA,0.377672219917751,0.671360253936183,NA,0.6976942580151,0.668365421209981,0.670308889129051,0.7298363294766,0.242213562107163,0.0261745963530101,0.113602757259672,0.0909177783329817,NA,NA,0.0265306170231062,0.473999984974506,0.10599903634272,0.127300659038716,0.512676969956573,0.376355328521364,0.218156366254808,NA
0.684297099852783,0.240708138892082,0.367885108707107,0.176568426869934,0.70841704162064,0.613424151397424,0.290412428808447,0.609567214366893,0.607937129294698,0.431373317245889,0.224507347605831,0.202552135278901,NA,0.219718995266219,NA,0.664592109910589,NA,NA,0.558552568952852,NA,0.215157830820882,0.617666005876549,0.688817641903439,0.630974743892454,NA,0.420332067972642,0.681821058914953,0.631621221741591,0.0937684884512629,0.206550000684446,0.569452429490513,0.676733481694667,0.341140697032416,0.190599732984705,NA,0.693159995467434,0,0.0191741058951601,0.196664814348836,0.675586815294366,NA,0.316272300457769,0.0737095166144553,NA,0.0172260071504481,0.0942697540509536,0.0845164488993883,0.0814761431269026,0.667805815259516,0.709174454356906,0.703013324427969,0.60536917025104,NA,NA,0.7043960184085,0.36146768856135,0.611836795256589,0.70808679577462,0.194487692323377,0.316821996517597,0.660879959522052,NA
0.682254531056579,0.231401732207251,0.380849586373316,0.195726207501122,0.710151231494701,0.611374274260669,0.282904912149341,0.611853912345592,0.609700531978687,0.442724056040821,0.243243696653974,0.221166534565202,NA,0.238823064912951,NA,0.671353754034172,NA,NA,0.559126305983659,NA,0.233809151494634,0.616879003389269,0.687607676513824,0.631533128195552,NA,0.431201058652239,0.689498174674062,0.63152708210944,0.0758338590910279,0.225670555673206,0.569340346037843,0.676083991253754,0.334983837426759,0.209738782715011,NA,0.693674614934269,0.0191741058951601,0,0.204813999324943,0.683067627949964,NA,0.31809349585361,0.0562120521554283,NA,0.0360761673591402,0.0765041570475962,0.066796115413423,0.0642707572482532,0.674957557009247,0.709117072623771,0.706610050005235,0.606620519971472,NA,NA,0.705564825319021,0.374151375878901,0.610384913939286,0.712026613611299,0.201669066463544,0.317798068689532,0.667396468834824,NA
0.522324438563656,0.201410865689314,0.192457752797855,0.214289545524228,0.525239540293923,0.453138998537342,0.213945630005596,0.42496094885782,0.425675043564927,0.24329795863934,0.194671029830528,0.177702873299545,NA,0.246795420419625,NA,0.468253605297324,NA,NA,0.383196675939776,NA,0.185654979411463,0.449025628404647,0.521419071411667,0.454370694226838,NA,0.230136679571621,0.485158253183577,0.458598136337607,0.267868320979088,0.236653469684652,0.397808453480634,0.506159196051644,0.238277481865472,0.224904968565892,NA,0.515931939647494,0.196664814348836,0.204813999324943,0,0.478929834027502,NA,0.145017326663675,0.212139025788007,NA,0.195217215138957,0.2222878446165,0.217846101045094,0.261238651688613,0.471237660959852,0.534774832621755,0.512885038903123,0.425595587988793,NA,NA,0.523818799067566,0.183963755978476,0.44756356312838,0.516905172399036,0.0112977797003101,0.151912081708923,0.464754916208946,NA
0.342100001657076,0.565549084918767,0.349899899074255,0.638014581443635,0.216561810338271,0.33092881395218,0.522726552513204,0.193159362718729,0.209934784520411,0.273346649042057,0.576936811118189,0.577723840556986,NA,0.646027619571604,NA,0.0294869145897797,NA,NA,0.25717849061897,NA,0.575310601099698,0.290508579678981,0.314510632399298,0.246718493173613,NA,0.275783890249961,0.00989779237618216,0.268210206896108,0.74021045513464,0.643462476882785,0.274174733810483,0.292351827913193,0.482534660023686,0.640842637519962,NA,0.255552927750075,0.675586815294366,0.683067627949964,0.478929834027502,0,NA,0.388812961668404,0.681299887794039,NA,0.673735654234046,0.686073336649316,0.684343650285541,0.735694298409608,0.0148448514438598,0.279952234006705,0.148684961883666,0.226449452870622,NA,NA,0.235425444454337,0.350360415640079,0.31173313146453,0.137887198114722,0.481429194395779,0.396516343352593,0.0393368457167871,NA
NA,NA,NA,NA,NA,NA,NA,NA,NA,NA,NA,NA,NA,NA,NA,NA,NA,NA,NA,NA,NA,NA,NA,NA,NA,NA,NA,NA,NA,NA,NA,NA,NA,NA,NA,NA,NA,NA,NA,NA,0,NA,NA,NA,NA,NA,NA,NA,NA,NA,NA,NA,NA,NA,NA,NA,NA,NA,NA,NA,NA,NA
0.377995891711539,0.181394050843216,0.226536634312874,0.358886159932733,0.392186631941491,0.308400857967946,0.15155906568154,0.293793148664034,0.291707791506437,0.231502128837948,0.331812111898016,0.317739362307798,NA,0.389437596335327,NA,0.371382228579116,NA,NA,0.243271950272371,NA,0.323902020243438,0.30613923843661,0.378387911124829,0.315527395146756,NA,0.214112306952443,0.396829868540555,0.317631877490403,0.362331939133058,0.380013096895144,0.255897625180749,0.364230444896308,0.138750051489102,0.369012913457983,NA,0.377672219917751,0.316272300457769,0.31809349585361,0.145017326663675,0.388812961668404,NA,0,0.302828989378855,NA,0.320180430755657,0.303992161309266,0.303881609042858,0.360378330743769,0.378073231615679,0.39479247816272,0.390221177158664,0.289176157865837,NA,NA,0.38821233312695,0.216874415922392,0.30345193982079,0.39651551795926,0.139310311292671,0.0140209539994638,0.365644722610904,NA
0.653185822987682,0.188244177518002,0.399783542835293,0.247607000685521,0.691148828973932,0.582572950901816,0.243185833764664,0.594858699103529,0.591234787102254,0.455330076669946,0.288763898832977,0.266084663053065,NA,0.291342180616701,NA,0.66738028591443,NA,NA,0.537631358305473,NA,0.278833935607772,0.591378140745422,0.660689767307487,0.609606049486016,NA,0.44227436661524,0.688325067190654,0.607820835050502,0.0595500234239008,0.278038955414714,0.545906096422043,0.650695009114525,0.297860015050333,0.261908045798524,NA,0.671360253936183,0.0737095166144553,0.0562120521554283,0.212139025788007,0.681299887794039,NA,0.302828989378855,0,NA,0.0908697689417355,0.0206215396964463,0.0109046924154667,0.0584796938265969,0.672188314266413,0.685191207216706,0.692945602207412,0.586735709964572,NA,NA,0.685004579852791,0.392164656034153,0.583151678043814,0.699343506561814,0.206194763811953,0.300113868752108,0.662679618234118,NA
NA,NA,NA,NA,NA,NA,NA,NA,NA,NA,NA,NA,NA,NA,NA,NA,NA,NA,NA,NA,NA,NA,NA,NA,NA,NA,NA,NA,NA,NA,NA,NA,NA,NA,NA,NA,NA,NA,NA,NA,NA,NA,NA,0,NA,NA,NA,NA,NA,NA,NA,NA,NA,NA,NA,NA,NA,NA,NA,NA,NA,NA
0.690999650058199,0.253455961603062,0.360630106157079,0.159818425866722,0.711876599345863,0.620179180213203,0.301801256016581,0.612606412687659,0.611441364169026,0.425801885439493,0.209468655266752,0.187804958008314,NA,0.202788979262511,NA,0.663445999989416,NA,NA,0.563138496616787,NA,0.200314837105024,0.623363716458405,0.694823775014236,0.635513229739715,NA,0.415291646064211,0.6797737784379,0.636720073721266,0.108499314113872,0.189659295877806,0.574616910098503,0.682274358617281,0.351443575731962,0.173765832518171,NA,0.6976942580151,0.0172260071504481,0.0360761673591402,0.195217215138957,0.673735654234046,NA,0.320180430755657,0.0908697689417355,NA,0,0.111451459696822,0.101698255197546,0.0955833411858009,0.666280235098944,0.714191329385626,0.704806164888697,0.609325199717328,NA,NA,0.708354670221808,0.354541843774318,0.618096815146153,0.709563081849574,0.194024935948883,0.321462741534973,0.659972091148714,NA
0.647432936516568,0.177866712188365,0.412102930315565,0.268042981484943,0.689443111174794,0.577057249856292,0.23406097645834,0.594117506583773,0.589924174352679,0.465496319617143,0.308160928590348,0.285412286751472,NA,0.311826906417973,NA,0.671385765443362,NA,NA,0.535237915282913,NA,0.298155439443186,0.587226741002858,0.655827052074643,0.606877455114837,NA,0.45199060346014,0.693298796263534,0.604374131267456,0.0617216160544291,0.298512705740691,0.542704664976571,0.646481379381079,0.289612315846167,0.28236761851936,NA,0.668365421209981,0.0942697540509536,0.0765041570475962,0.2222878446165,0.686073336649316,NA,0.303992161309266,0.0206215396964463,NA,0.111451459696822,0,0.00975345340588393,0.0652628747019982,0.676618854131013,0.681521786380802,0.693309024247753,0.584872486135863,NA,NA,0.682690923968744,0.404234311008856,0.578295724341002,0.700070531866538,0.215549923386674,0.300344607793057,0.66642430694872,NA
0.650662818087098,0.183079814148801,0.406695659695385,0.258475378810088,0.690783638743934,0.580167471099156,0.238740370180694,0.594991645326624,0.591065928387413,0.46114405715137,0.299192779395988,0.276479624432426,NA,0.30222605266906,NA,0.670020756806009,NA,NA,0.536879841881474,NA,0.289227083141509,0.589701293251576,0.65864289186457,0.608688198848736,NA,0.447853045174141,0.691474227217308,0.606521240864344,0.0592175084699323,0.288919508889369,0.544727166365415,0.648992903983476,0.293916775156429,0.272784131152817,NA,0.670308889129051,0.0845164488993883,0.066796115413423,0.217846101045094,0.684343650285541,NA,0.303881609042858,0.0109046924154667,NA,0.101698255197546,0.00975345340588393,0,0.0607183513645426,0.675051781135769,0.683782761858648,0.693674614934269,0.586273482959221,NA,NA,0.684316389971122,0.398946828641921,0.58109826756822,0.700264984047967,0.211480784787586,0.300672787502679,0.665182957235389,NA
0.711244169242197,0.243126610971585,0.442810785641754,0.25254353925729,0.749477467439567,0.640699624133217,0.299199342616194,0.652959975443859,0.649491624753069,0.502531496734367,0.305025746058889,0.283385757606178,NA,0.294083013492007,NA,0.722538843461298,NA,NA,0.596074646256444,NA,0.295897729038425,0.649798429991884,0.718994642720186,0.668071551813545,NA,0.490339969751278,0.74250311974658,0.666296608468936,0.0140830626268308,0.281339590812899,0.604385683616399,0.709110918811032,0.354552920937659,0.265932510727118,NA,0.7298363294766,0.0814761431269026,0.0642707572482532,0.261238651688613,0.735694298409608,NA,0.360378330743769,0.0584796938265969,NA,0.0955833411858009,0.0652628747019982,0.0607183513645426,0,0.726936841426341,0.74365883084868,0.750598313947683,0.645104599138581,NA,NA,0.743429358499196,0.435808368520127,0.641451109135471,0.756819644442255,0.256611140094098,0.35804802298506,0.718078665358389,NA
0.328099115078792,0.553911344598562,0.347147225846353,0.633821130202346,0.20410434740407,0.316201580563349,0.510467678279756,0.17835854915738,0.195142876164072,0.270840759831577,0.573637943436471,0.573852235100331,NA,0.64280533590109,NA,0.0150129255090981,NA,NA,0.24239725713247,NA,0.571752834977207,0.275823840671617,0.300716324254394,0.232174559184902,NA,0.272355071468684,0.0247036657288979,0.25366592220438,0.731235887587055,0.639945722407871,0.259338331020378,0.278437708754858,0.469649406787725,0.63696726539449,NA,0.242213562107163,0.667805815259516,0.674957557009247,0.471237660959852,0.0148448514438598,NA,0.378073231615679,0.672188314266413,NA,0.666280235098944,0.676618854131013,0.675051781135769,0.726936841426341,0,0.266849846903748,0.137058715178859,0.211657134395309,NA,NA,0.222601720604182,0.347198131945171,0.297003202023321,0.12690325791504,0.473444523607718,0.38546891610886,0.0247610084816105,NA
