"Abraham Lincoln","Adolf Hitler","Albert Einstein","Alexander the Great","Andrew Jackson","Barack Obama","Benito Mussolini","Benjamin Franklin","Bill Clinton","Bill Gates","Charlemagne","Christopher Columbus","Cleopatra","Constantine the Great","Dwight D. Eisenhower","Elizabeth I of England","Elizabeth II","Fidel Castro","Franklin D. Roosevelt","Gautama Buddha","Genghis Khan","George H. W. Bush","George W. Bush","George Washington","Harry Truman","Henry Ford","Henry VIII of England","Hillary Clinton","Jesus Christ","Joan of Arc","John Adams","John F. Kennedy","Joseph Stalin","Julius Caesar","Karl Marx","Lyndon B. Johnson","Mahatma Gandhi","Malcolm X","Mao Zedong","Margaret Thatcher","Martin Luther King Jr.","Mikhail Gorbachev","Mother Teresa","Napoleon Bonaparte","Nelson Mandela","Pope Francis","Pope John Paul II","Prophet Muhammad","Queen Victoria","Richard Nixon","Robert E. Lee","Ronald Reagan","Rosa Parks","Saddam Hussein","Theodore Roosevelt","Thomas Edison","Thomas Jefferson","Ulysses S. Grant","Vladimir Lenin","Vladimir Putin","Winston Churchill","Woodrow Wilson"
0,0.499275879022316,0.170279878164283,0.0975943028519881,0.382140684562361,0.0954471610954132,0.0838715121721505,0.0662627816253346,0.0250268131416661,0.116473685954799,0.360138370531963,NA,0.128253150144032,0.0633858145573317,0.471176837095159,0.160767492175502,0.16240195354341,0.399758479399732,0.134728710099887,0.362966445615772,0.424893779498546,NA,0.405871302309151,NA,NA,0.0144340355775191,NA,0.117740031863201,0.0920563906486351,0.117942167218639,0.384559693973256,0.142378658626947,0.434542915194524,0.105402613571657,NA,0.0656235758636729,NA,NA,0.0604282418875532,0.130206787412067,0.0698388971611175,0.130564585772834,0.17956235745392,0.0548201888062423,0.0586603414280311,0.464808735109939,0.386660506487544,0.173765853871006,NA,0.451292840259506,0.456066080314584,0.37145978043294,0.0737766965846341,NA,0.0928104820023913,NA,0.102808793065586,0.0702151025878755,0.452902598092918,0.449116258475241,0.437416928414186,NA
0.499275879022316,0,0.640061771117234,0.563381935990153,0.1979167350315,0.561795269041501,0.473754792451428,0.556655482973942,0.516129011233778,0.551286033843277,0.144823975539941,NA,0.613221321945345,0.541080346628947,0.133754013973216,0.585338949172292,0.56282110436311,0.154419295837565,0.481429548293598,0.158011380030148,0.126594866542261,NA,0.09971172651363,NA,NA,0.495429629648454,NA,0.583982469540392,0.591152591073931,0.610598139754588,0.114832654954607,0.588173547804563,0.0652646352743035,0.523812422936106,NA,0.433677629991472,NA,NA,0.46536691669966,0.594367363118095,0.569091410427566,0.413569478457898,0.555766218248843,0.450524789411649,0.474421618676502,0.0451365803991533,0.117713924598696,0.486858995953288,NA,0.0919119958659931,0.0874267032603174,0.146079754960856,0.514124250067203,NA,0.494108904333978,NA,0.596648608725683,0.433408488681825,0.116579190916638,0.13557905964327,0.076425149481462,NA
0.170279878164283,0.640061771117234,0,0.199819919876276,0.546400221371727,0.0807821851954079,0.166331461236915,0.104948615997359,0.171292174253978,0.235129258022881,0.510317425554731,NA,0.047830989253601,0.109087336886124,0.585920380008409,0.0743325476371541,0.102861097040441,0.517405410626984,0.168724352375622,0.489821814370477,0.582143709857108,NA,0.554098318460352,NA,NA,0.165142619046929,NA,0.203434833416745,0.121031650687288,0.0685619691846354,0.528270442316925,0.0563818012269756,0.574889875015194,0.117639300488878,NA,0.225687765799002,NA,NA,0.178349695713785,0.045853174591579,0.122807121260301,0.227809091831426,0.125196332155974,0.223925558322116,0.225608959276648,0.610924519836397,0.522921464274715,0.184287386480376,NA,0.577725201333668,0.60922312775566,0.525895475378996,0.218438654149469,NA,0.247121089766225,NA,0.148370195680116,0.215687644366611,0.573084576179665,0.608534276285972,0.570837807346834,NA
0.0975943028519881,0.563381935990153,0.199819919876276,0,0.419540226013504,0.154312631547952,0.180003794549109,0.112982414764272,0.0726628128071296,0.0356127777162599,0.419506734634378,NA,0.152209806651467,0.128959017877485,0.5517738470483,0.224023577402377,0.235726527813143,0.48056668372364,0.228315911921402,0.440112836349202,0.473336389495941,NA,0.465665911468136,NA,NA,0.111212954374481,NA,0.0218566758150793,0.0790195825911043,0.131388419301983,0.449259704761191,0.198855148622621,0.500554026029036,0.187835994291714,NA,0.145827055462219,NA,NA,0.158022494677229,0.177010947468842,0.0806802089058244,0.227309834116834,0.257349237786776,0.120881912332668,0.090269512832864,0.525015578590131,0.4571363603456,0.266429947404947,NA,0.526325278621176,0.508995002590978,0.425480332993363,0.0493023594589869,NA,0.0737528870889688,NA,0.0563233643815344,0.160587136963647,0.531265751604452,0.493568771763707,0.508432471020661,NA
0.382140684562361,0.1979167350315,0.546400221371727,0.419540226013504,0,0.465799076820587,0.389343606446628,0.447399166844338,0.391500903585186,0.398788831326869,0.103148826912625,NA,0.50907974917736,0.438001497602188,0.28054796272915,0.510026528431362,0.494864764951057,0.243697989602549,0.417573570997377,0.205064307210137,0.0721701778875953,NA,0.116159431079396,NA,NA,0.383615725482715,NA,0.437419688833536,0.467227796217169,0.500081002890952,0.135581488512214,0.503817895250103,0.164543309178424,0.442501446689796,NA,0.321057024161443,NA,NA,0.370058503506891,0.501705534401005,0.448593158940412,0.345645685954527,0.496507027140278,0.327535260600262,0.339901912370398,0.153037620413544,0.169821568304863,0.438349711371704,NA,0.229262042651316,0.113872739637226,0.0770474037280856,0.371833999099568,NA,0.345884420946038,NA,0.464099243400126,0.331319871723348,0.253073950346055,0.0788527101341482,0.195722131394298,NA
0.0954471610954132,0.561795269041501,0.0807821851954079,0.154312631547952,0.465799076820587,0,0.0892323757555775,0.0413625212544326,0.103514257474924,0.185999639825446,0.430241439739105,NA,0.0543273995047632,0.0321425720909111,0.513756887517329,0.0702963483946397,0.0823646642146638,0.44401626447138,0.107346728801962,0.41396714928999,0.501475969598146,NA,0.474365854225487,NA,NA,0.0875571834594796,NA,0.165811936474485,0.0895111834698918,0.0621476364522378,0.44918200019377,0.0477758791180614,0.496541514778232,0.0516382247729894,NA,0.145585981485586,NA,NA,0.0978470436790952,0.0361602987392919,0.0754406934199021,0.153266974138265,0.105465080554761,0.146320765603843,0.153684662355677,0.531626796655543,0.44519763200498,0.13585324704191,NA,0.502453025690858,0.528934119783429,0.445394838084132,0.156897338397937,NA,0.182518182779584,NA,0.11893753998512,0.134906206558752,0.499377222452705,0.527775464280683,0.493907146141195,NA
0.0838715121721505,0.473754792451428,0.166331461236915,0.180003794549109,0.389343606446628,0.0892323757555775,0,0.097936749903464,0.107852728008866,0.200324126425329,0.34516517647075,NA,0.142928835325786,0.0767404833955311,0.424893779498546,0.120696524455635,0.108016464145961,0.354924266960988,0.0524858119676469,0.324801879354162,0.419152294765177,NA,0.388350216071038,NA,NA,0.0695364673885967,NA,0.198888266125508,0.149469948085958,0.145856409113302,0.362051070760708,0.116460491114099,0.408567950656601,0.053227205981396,NA,0.0861237742855488,NA,NA,0.0296817323836401,0.120613735017323,0.126762104086592,0.0645509694819661,0.116177384404651,0.102864298460628,0.129349973657463,0.444779265945081,0.356737856235119,0.0915398204319499,NA,0.41323810366817,0.444435595762903,0.362020750866344,0.156327510552874,NA,0.170315974074904,NA,0.171292174253978,0.064871567789157,0.410215322260395,0.446604511996017,0.405053983297782,NA
0.0662627816253346,0.556655482973942,0.104948615997359,0.112982414764272,0.447399166844338,0.0413625212544326,0.097936749903464,0,0.0668909570486478,0.144739818965356,0.420511620872207,NA,0.0620274144666843,0.0222005041986569,0.518363453431827,0.111465343943435,0.123049111248889,0.447545125647473,0.132188851887986,0.414155637502633,0.487993783743678,NA,0.465692076162478,NA,NA,0.0639101007804956,NA,0.125067379947881,0.0544505109567188,0.0541290276231651,0.442580076154347,0.0874693816632793,0.491507728098115,0.08133469660613,NA,0.127279747727242,NA,NA,0.0936358989668658,0.0690421936189547,0.0357112747830947,0.161073087385583,0.145381509340845,0.120911874838579,0.1206874294927,0.524048541201751,0.441790667135942,0.166081155362892,NA,0.502955901253416,0.517818095017095,0.433443944882224,0.117762404911848,NA,0.144826249363255,NA,0.0815126484855007,0.123356492833118,0.502114945039088,0.512974298656021,0.491728999298703,NA
0.0250268131416661,0.516129011233778,0.171292174253978,0.0726628128071296,0.391500903585186,0.103514257474924,0.107852728008866,0.0668909570486478,0,0.0934622382528928,0.375342834526717,NA,0.126007351667757,0.0721290999210331,0.492302813319524,0.172416343508332,0.17762442820443,0.420846658342983,0.157619784390137,0.383010628366975,0.437391832893754,NA,0.421351320208441,NA,NA,0.0385920265441467,NA,0.0927134481560169,0.076371988151682,0.111939982416257,0.40129705596402,0.151288973844489,0.45176567898938,0.123300419471981,NA,0.0838754384040852,NA,NA,0.0854070449247825,0.135425953079134,0.0571936481648222,0.155488267996099,0.196569968463784,0.0660803077283148,0.0550998039411496,0.480558460693312,0.404963188720368,0.196372746720149,NA,0.470939849514529,0.469858960453235,0.385255824130564,0.054774115520828,NA,0.0790070793826061,NA,0.0816135846472787,0.09275369402114,0.473425432502992,0.460633579706497,0.455977499114704,NA
0.116473685954799,0.551286033843277,0.235129258022881,0.0356127777162599,0.398788831326869,0.185999639825446,0.200324126425329,0.144739818965356,0.0934622382528928,0,0.406608697306803,NA,0.187415349064942,0.158525309453432,0.548051291067729,0.256204854497763,0.266063840642895,0.477425525840187,0.250933925717849,0.435235518886426,0.455767049765233,NA,0.452475830085085,NA,NA,0.130869413094058,NA,0.0423278640983923,0.11454935814634,0.16681383838033,0.438289357442204,0.231758755920925,0.489720959136976,0.21515158878053,NA,0.151324522003801,NA,NA,0.175280401133323,0.2107807522375,0.114545525012952,0.240593216167449,0.286757881585834,0.12427849229847,0.0895160885954384,0.51152335289838,0.448723073650119,0.289787758570293,NA,0.519652742080984,0.492772833308247,0.410419976417996,0.0477115035057941,NA,0.0575266283523671,NA,0.0914294331496236,0.170003103461487,0.526368448183044,0.474454704028391,0.499863209231761,NA
0.360138370531963,0.144823975539941,0.510317425554731,0.419506734634378,0.103148826912625,0.430241439739105,0.34516517647075,0.420511620872207,0.375342834526717,0.406608697306803,0,NA,0.479380428133249,0.406744465536641,0.186320408395368,0.46255906910623,0.44306890251172,0.141471426724953,0.362086238657453,0.101951055327807,0.0818513004881582,NA,0.0462061166537332,NA,NA,0.357709179492474,NA,0.439870092673748,0.451224243593656,0.474635128986033,0.0393692386101199,0.461540371232011,0.0867169456053944,0.397467341124822,NA,0.294705164604421,NA,NA,0.332458277902265,0.464490755925571,0.429845290523729,0.290518660448669,0.440097871445265,0.309311655248733,0.331308938380778,0.105606535587422,0.0696547603021006,0.375375587465982,NA,0.138729168668909,0.0994394416964625,0.0278619041208402,0.370205600676478,NA,0.349548891527822,NA,0.454808444637337,0.297522841054677,0.158702474514527,0.112648677651552,0.108138342247179,NA
NA,NA,NA,NA,NA,NA,NA,NA,NA,NA,NA,0,NA,NA,NA,NA,NA,NA,NA,NA,NA,NA,NA,NA,NA,NA,NA,NA,NA,NA,NA,NA,NA,NA,NA,NA,NA,NA,NA,NA,NA,NA,NA,NA,NA,NA,NA,NA,NA,NA,NA,NA,NA,NA,NA,NA,NA,NA,NA,NA,NA,NA
0.128253150144032,0.613221321945345,0.047830989253601,0.152209806651467,0.50907974917736,0.0543273995047632,0.142928835325786,0.0620274144666843,0.126007351667757,0.187415349064942,0.479380428133249,NA,0,0.0726386382035138,0.567783694168289,0.0914006145416267,0.115138137659002,0.49784762888932,0.159884965839377,0.467052735661009,0.548432709793819,NA,0.524104046021125,NA,NA,0.125476586202241,NA,0.156734941937347,0.0737930611566356,0.0221013943099945,0.499888901524542,0.0645798715069652,0.547962555646404,0.104167537496345,NA,0.188338479358849,NA,NA,0.147861058056877,0.0392463665201934,0.0751666489550094,0.207287626239802,0.139700582759186,0.182939287882561,0.1809550308479,0.58195342191146,0.497193896840491,0.184610535580658,NA,0.555688591737068,0.577381385528784,0.493275118518295,0.171164601878366,NA,0.200158026746883,NA,0.102182279833209,0.18196585084041,0.553098776361997,0.573849461574659,0.546367072741564,NA
0.0633858145573317,0.541080346628947,0.109087336886124,0.128959017877485,0.438001497602188,0.0321425720909111,0.0767404833955311,0.0222005041986569,0.0721290999210331,0.158525309453432,0.406744465536641,NA,0.0726386382035138,0,0.499449315453259,0.100323033074658,0.107559211828931,0.428891964586168,0.110084997747637,0.396523095966402,0.476047475492028,NA,0.451506104421769,NA,NA,0.0563233643815344,NA,0.143010987387016,0.0764897553583383,0.0705706401588746,0.427499202756039,0.0796325918411467,0.475843595624679,0.0605570772266348,NA,0.11695803304086,NA,NA,0.0759569199253563,0.0670433975224079,0.056432397545165,0.140634070887848,0.128485737755513,0.115266770355238,0.121542090626004,0.509442512123921,0.425458661432556,0.144484775978238,NA,0.485299899948977,0.50476693278394,0.420710744619979,0.126289282701372,NA,0.151047896554442,NA,0.102698761127019,0.109349652206542,0.483744855634443,0.501705534401005,0.474991382485,NA
0.471176837095159,0.133754013973216,0.585920380008409,0.5517738470483,0.28054796272915,0.513756887517329,0.424893779498546,0.518363453431827,0.492302813319524,0.548051291067729,0.186320408395368,NA,0.567783694168289,0.499449315453259,0,0.522031298000567,0.496210909664594,0.071456353240187,0.418365383005073,0.113448771404836,0.223340963856724,NA,0.16489317131522,NA,NA,0.463744090495613,NA,0.573509064255292,0.561658479727145,0.569903838640907,0.147786058783446,0.530594026048623,0.119732280888627,0.468554479096748,NA,0.408862841085727,NA,NA,0.424794822090358,0.542004643825356,0.538327296068572,0.360508508041506,0.484203686835741,0.431467139976613,0.461877731040815,0.154301249671774,0.117762404911848,0.413750719440037,NA,0.052364370184696,0.198320642067501,0.206208775660235,0.504579008444689,NA,0.491148480583399,NA,0.573660632020046,0.401100883213425,0.0276880125241177,0.245165576099293,0.0859643081212117,NA
0.160767492175502,0.585338949172292,0.0743325476371541,0.224023577402377,0.510026528431362,0.0702963483946397,0.120696524455635,0.111465343943435,0.172416343508332,0.256204854497763,0.46255906910623,NA,0.0914006145416267,0.100323033074658,0.522031298000567,0,0.0287079247618496,0.455256173479788,0.104527306478086,0.431283163411151,0.538331578106412,NA,0.504437366426973,NA,NA,0.150193770638193,NA,0.234286024560516,0.154041372199473,0.11113594050265,0.476489990996968,0.0272886836690974,0.520720073170347,0.0677129765395669,NA,0.19878944925263,NA,NA,0.142661322050533,0.0528962135389306,0.143954272721967,0.172614228174099,0.0511297981473028,0.206089501648025,0.219356831120827,0.559300663451712,0.467628661014351,0.112397968660933,NA,0.51770912401855,0.561997851444178,0.480736594859228,0.226557188920651,NA,0.25119188359682,NA,0.184158683337216,0.182077415862567,0.510996472366626,0.566271396046497,0.513616707932278,NA
0.16240195354341,0.56282110436311,0.102861097040441,0.235726527813143,0.494864764951057,0.0823646642146638,0.108016464145961,0.123049111248889,0.17762442820443,0.266063840642895,0.44306890251172,NA,0.115138137659002,0.107559211828931,0.496210909664594,0.0287079247618496,0,0.430172548240459,0.0815463077545925,0.40763730137975,0.520136245555408,NA,0.484054948885994,NA,NA,0.150205463760481,NA,0.248033992349827,0.171027949126286,0.13309585269571,0.455361046247298,0.0511770074392352,0.498543220254195,0.0592246199930265,NA,0.191356083376228,NA,NA,0.133690806873422,0.075894753169473,0.157786835654747,0.152578598107114,0.0245887602919643,0.202302887635777,0.219873648844959,0.538015431357515,0.445150042957691,0.0844493090824873,NA,0.493316507510305,0.542404481089379,0.462209619928002,0.232394920990965,NA,0.254871501156016,NA,0.200847836218407,0.172220143603647,0.485845384489226,0.548596808391344,0.490286600665281,NA
0.399758479399732,0.154419295837565,0.517405410626984,0.48056668372364,0.243697989602549,0.44401626447138,0.354924266960988,0.447545125647473,0.420846658342983,0.477425525840187,0.141471426724953,NA,0.49784762888932,0.428891964586168,0.071456353240187,0.455256173479788,0.430172548240459,0,0.350995774395833,0.0470605720510258,0.200687639716214,NA,0.137469323154077,NA,NA,0.392422548339739,NA,0.502327173509966,0.490364507229364,0.49942140262976,0.109272329645757,0.462562154098204,0.108503155143457,0.399810373175018,NA,0.337418776685056,NA,NA,0.353921730587675,0.473032960969629,0.467062136552397,0.290793973688291,0.419545982075045,0.360134712955694,0.390795955104054,0.154123298684566,0.0745934704304205,0.349166822005789,NA,0.0666986822279569,0.188508005958186,0.166653859802286,0.433580677352255,NA,0.420741009440277,NA,0.502212655588565,0.329714772426265,0.0557592547077293,0.228115821255221,0.0800011613465929,NA
0.134728710099887,0.481429548293598,0.168724352375622,0.228315911921402,0.417573570997377,0.107346728801962,0.0524858119676469,0.132188851887986,0.157619784390137,0.250933925717849,0.362086238657453,NA,0.159884965839377,0.110084997747637,0.418365383005073,0.104527306478086,0.0815463077545925,0.350995774395833,0,0.326812580067916,0.439881571753282,NA,0.402686398466571,NA,NA,0.120296608083724,NA,0.245964821287408,0.186574743518938,0.169459210098238,0.37384102523257,0.112646728763069,0.417058810839095,0.0558517033106327,NA,0.1349631513224,NA,NA,0.0816902127199483,0.12727716043374,0.165872168305172,0.0723205974785839,0.0790112473386146,0.154326146435629,0.181806525982582,0.456475544765076,0.363731672966921,0.0391707769150495,NA,0.413195600501064,0.461309378901056,0.381788931893778,0.208055110233653,NA,0.22277799460487,NA,0.21204348957518,0.111578536236784,0.40675310134608,0.468704388800601,0.409256502440791,NA
0.362966445615772,0.158011380030148,0.489821814370477,0.440112836349202,0.205064307210137,0.41396714928999,0.324801879354162,0.414155637502633,0.383010628366975,0.435235518886426,0.101951055327807,NA,0.467052735661009,0.396523095966402,0.113448771404836,0.431283163411151,0.40763730137975,0.0470605720510258,0.326812580067916,0,0.171777874476125,NA,0.110315093996874,NA,NA,0.356639378043941,NA,0.461741057509331,0.454494337281285,0.46703040778556,0.0775939719220611,0.436219018975771,0.0983840541257993,0.372388874041223,NA,0.299163066758966,NA,NA,0.3207560123978,0.444677328293812,0.431446786816965,0.262012959341732,0.399307351254153,0.320569791028282,0.349945914249325,0.144008401906008,0.0475178533882029,0.329801320475036,NA,0.0888020167946275,0.168677504019207,0.129021139942881,0.392392337287337,NA,0.378146315931004,NA,0.464616225414245,0.293608059969232,0.0912046472243761,0.201404522991121,0.0829701582088964,NA
0.424893779498546,0.126594866542261,0.582143709857108,0.473336389495941,0.0721701778875953,0.501475969598146,0.419152294765177,0.487993783743678,0.437391832893754,0.455767049765233,0.0818513004881582,NA,0.548432709793819,0.476047475492028,0.223340963856724,0.538331578106412,0.520136245555408,0.200687639716214,0.439881571753282,0.171777874476125,0,NA,0.0632245559148727,NA,NA,0.424261139903214,NA,0.49242766085662,0.513762015313479,0.541786886866928,0.0942295430506948,0.535508645949089,0.103635075197004,0.472101974805717,NA,0.360767834743699,NA,NA,0.403813078678134,0.536561825748388,0.493591678267484,0.367746498586865,0.518473557200092,0.371676028494251,0.388998649274621,0.082389981973609,0.127370269889449,0.455140182585715,NA,0.170978521957768,0.0418453531950232,0.0582603990942153,0.424511516255384,NA,0.400624142039492,NA,0.513936329940879,0.366933406543995,0.197005612946902,0.0308993518044738,0.137489284141441,NA
NA,NA,NA,NA,NA,NA,NA,NA,NA,NA,NA,NA,NA,NA,NA,NA,NA,NA,NA,NA,NA,0,NA,NA,NA,NA,NA,NA,NA,NA,NA,NA,NA,NA,NA,NA,NA,NA,NA,NA,NA,NA,NA,NA,NA,NA,NA,NA,NA,NA,NA,NA,NA,NA,NA,NA,NA,NA,NA,NA,NA,NA
0.405871302309151,0.09971172651363,0.554098318460352,0.465665911468136,0.116159431079396,0.474365854225487,0.388350216071038,0.465692076162478,0.421351320208441,0.452475830085085,0.0462061166537332,NA,0.524104046021125,0.451506104421769,0.16489317131522,0.504437366426973,0.484054948885994,0.137469323154077,0.402686398466571,0.110315093996874,0.0632245559148727,NA,0,NA,NA,0.403164512784854,NA,0.485985217403536,0.49713362110494,0.519820013368997,0.033595295631892,0.504454774655465,0.0492533533515389,0.44017269087721,NA,0.340352119546812,NA,NA,0.376756506315865,0.508245686042964,0.47563593584456,0.331899815673965,0.479902220340031,0.355352971314799,0.377514716335838,0.0594004352290861,0.0644914245280832,0.413673243993625,NA,0.113206622069593,0.0613208254533614,0.048178556229057,0.416363652849453,NA,0.395514989114934,NA,0.50095561304813,0.342491095270364,0.137675181364655,0.0915350237530307,0.0795829524592231,NA
NA,NA,NA,NA,NA,NA,NA,NA,NA,NA,NA,NA,NA,NA,NA,NA,NA,NA,NA,NA,NA,NA,NA,0,NA,NA,NA,NA,NA,NA,NA,NA,NA,NA,NA,NA,NA,NA,NA,NA,NA,NA,NA,NA,NA,NA,NA,NA,NA,NA,NA,NA,NA,NA,NA,NA,NA,NA,NA,NA,NA,NA
NA,NA,NA,NA,NA,NA,NA,NA,NA,NA,NA,NA,NA,NA,NA,NA,NA,NA,NA,NA,NA,NA,NA,NA,0,NA,NA,NA,NA,NA,NA,NA,NA,NA,NA,NA,NA,NA,NA,NA,NA,NA,NA,NA,NA,NA,NA,NA,NA,NA,NA,NA,NA,NA,NA,NA,NA,NA,NA,NA,NA,NA
0.0144340355775191,0.495429629648454,0.165142619046929,0.111212954374481,0.383615725482715,0.0875571834594796,0.0695364673885967,0.0639101007804956,0.0385920265441467,0.130869413094058,0.357709179492474,NA,0.125476586202241,0.0563233643815344,0.463744090495613,0.150193770638193,0.150205463760481,0.392422548339739,0.120296608083724,0.356639378043941,0.424261139903214,NA,0.403164512784854,NA,NA,0,NA,0.130940688853982,0.0979703685610948,0.117527275481652,0.380937233849031,0.133305994414034,0.430476863337316,0.0923908501111866,NA,0.0634965503553411,NA,NA,0.0472142662478682,0.123230959960046,0.0748094772681588,0.118383424805424,0.16659588728295,0.058944087097787,0.0697067455883611,0.461828533228994,0.381791519493158,0.159342357734017,NA,0.445217109992355,0.454503031873239,0.370019940141438,0.0880696933005098,NA,0.106087727392399,NA,0.11204877670203,0.0630367701186993,0.446045737820256,0.449104282181811,0.432274132271304,NA
NA,NA,NA,NA,NA,NA,NA,NA,NA,NA,NA,NA,NA,NA,NA,NA,NA,NA,NA,NA,NA,NA,NA,NA,NA,NA,0,NA,NA,NA,NA,NA,NA,NA,NA,NA,NA,NA,NA,NA,NA,NA,NA,NA,NA,NA,NA,NA,NA,NA,NA,NA,NA,NA,NA,NA,NA,NA,NA,NA,NA,NA
0.117740031863201,0.583982469540392,0.203434833416745,0.0218566758150793,0.437419688833536,0.165811936474485,0.198888266125508,0.125067379947881,0.0927134481560169,0.0423278640983923,0.439870092673748,NA,0.156734941937347,0.143010987387016,0.573509064255292,0.234286024560516,0.248033992349827,0.502327173509966,0.245964821287408,0.461741057509331,0.49242766085662,NA,0.485985217403536,NA,NA,0.130940688853982,NA,0,0.083093105428025,0.135040395093318,0.470045586544041,0.208268149677663,0.521386835061768,0.203006497341414,NA,0.167644182740249,NA,NA,0.178048476464718,0.185138970774809,0.090489343521503,0.248023370780899,0.270427252659552,0.142734399852636,0.111806540600256,0.545287739402058,0.478358542637041,0.283559029901288,NA,0.54779425939757,0.528526376644922,0.445302655112805,0.0700256849751724,NA,0.0918462868299058,NA,0.0552529891122076,0.182092486974274,0.552911396807068,0.512129002634978,0.529648572953301,NA
0.0920563906486351,0.591152591073931,0.121031650687288,0.0790195825911043,0.467227796217169,0.0895111834698918,0.149469948085958,0.0544505109567188,0.076371988151682,0.11454935814634,0.451224243593656,NA,0.0737930611566356,0.0764897553583383,0.561658479727145,0.154041372199473,0.171027949126286,0.490364507229364,0.186574743518938,0.454494337281285,0.513762015313479,NA,0.49713362110494,NA,NA,0.0979703685610948,NA,0.083093105428025,0,0.0524795373880989,0.47637963108073,0.127256460192014,0.526503773283961,0.13534000797761,NA,0.157511106061158,NA,NA,0.139348912523723,0.103084956345553,0.023502279327202,0.210152806283516,0.194691396597703,0.142310797569975,0.12787944336789,0.556231157786538,0.47871317171174,0.220417144684486,NA,0.542987209371074,0.546146231444855,0.461528241658731,0.105997670321989,NA,0.135899295020548,NA,0.0301186028370334,0.160921726580921,0.544012392755383,0.536914198452182,0.52944335711967,NA
0.117942167218639,0.610598139754588,0.0685619691846354,0.131388419301983,0.500081002890952,0.0621476364522378,0.145856409113302,0.0541290276231651,0.111939982416257,0.16681383838033,0.474635128986033,NA,0.0221013943099945,0.0705706401588746,0.569903838640907,0.11113594050265,0.13309585269571,0.49942140262976,0.169459210098238,0.46703040778556,0.541786886866928,NA,0.519820013368997,NA,NA,0.117527275481652,NA,0.135040395093318,0.0524795373880989,0,0.496621092494447,0.0839055334119301,0.545419577947746,0.113784020643653,NA,0.181023564659015,NA,NA,0.146308011756364,0.0582453242769388,0.0573642070948364,0.210329801281021,0.157655297594393,0.172655558050945,0.166984839150602,0.578156724568356,0.495455330297022,0.197305708009041,NA,0.555818358215019,0.57186162600203,0.487444848419161,0.153427317747725,NA,0.18289608068123,NA,0.0802477577435166,0.177438936402132,0.554308664623181,0.566524888630506,0.54520318493329,NA
0.384559693973256,0.114832654954607,0.528270442316925,0.449259704761191,0.135581488512214,0.44918200019377,0.362051070760708,0.442580076154347,0.40129705596402,0.438289357442204,0.0393692386101199,NA,0.499888901524542,0.427499202756039,0.147786058783446,0.476489990996968,0.455361046247298,0.109272329645757,0.37384102523257,0.0775939719220611,0.0942295430506948,NA,0.033595295631892,NA,NA,0.380937233849031,NA,0.470045586544041,0.47637963108073,0.496621092494447,0,0.477587131113495,0.0514316156658184,0.413184442695214,NA,0.318943976028634,NA,NA,0.352094259629951,0.482448114373889,0.45439119707062,0.303901734453913,0.45034347973819,0.335705850818803,0.359956665994397,0.0828483534812681,0.0346852592129732,0.383306566603389,NA,0.099421778096759,0.0944947691914755,0.059096594693174,0.400077972231036,NA,0.38089314360776,NA,0.481847074537897,0.31923328639785,0.120103005376321,0.123840512076298,0.0689164785273723,NA
0.142378658626947,0.588173547804563,0.0563818012269756,0.198855148622621,0.503817895250103,0.0477758791180614,0.116460491114099,0.0874693816632793,0.151288973844489,0.231758755920925,0.461540371232011,NA,0.0645798715069652,0.0796325918411467,0.530594026048623,0.0272886836690974,0.0511770074392352,0.462562154098204,0.112646728763069,0.436219018975771,0.535508645949089,NA,0.504454774655465,NA,NA,0.133305994414034,NA,0.208268149677663,0.127256460192014,0.0839055334119301,0.477587131113495,0,0.523183162429826,0.0644164899226762,NA,0.187148666468481,NA,NA,0.133845078172553,0.0256677418586141,0.118335198915905,0.174697648509172,0.0755337583045329,0.19118219239308,0.200919418590922,0.560414317185494,0.470668460647466,0.128482320399861,NA,0.523655859966306,0.560856028058079,0.478466151934907,0.204472492887791,NA,0.23029057537962,NA,0.157366084871647,0.173006146127229,0.518299497814455,0.562765126997604,0.517836113303336,NA
0.434542915194524,0.0652646352743035,0.574889875015194,0.500554026029036,0.164543309178424,0.496541514778232,0.408567950656601,0.491507728098115,0.45176567898938,0.489720959136976,0.0867169456053944,NA,0.547962555646404,0.475843595624679,0.119732280888627,0.520720073170347,0.498543220254195,0.108503155143457,0.417058810839095,0.0983840541257993,0.103635075197004,NA,0.0492533533515389,NA,NA,0.430476863337316,NA,0.521386835061768,0.526503773283961,0.545419577947746,0.0514316156658184,0.523183162429826,0,0.458796197994512,NA,0.368993270163494,NA,NA,0.400111169476286,0.529174798088814,0.504319627509969,0.348676998405711,0.492060831073669,0.386384467240193,0.411116640525974,0.0464265250980727,0.0538586399986887,0.423648025245596,NA,0.0673700579904373,0.0817076792338338,0.096576725554726,0.451401065567618,NA,0.432322376953914,NA,0.532560905561437,0.368315280472191,0.0937284645261862,0.126164927845229,0.0342168839666911,NA
0.105402613571657,0.523812422936106,0.117639300488878,0.187835994291714,0.442501446689796,0.0516382247729894,0.053227205981396,0.08133469660613,0.123300419471981,0.21515158878053,0.397467341124822,NA,0.104167537496345,0.0605570772266348,0.468554479096748,0.0677129765395669,0.0592246199930265,0.399810373175018,0.0558517033106327,0.372388874041223,0.472101974805717,NA,0.44017269087721,NA,NA,0.0923908501111866,NA,0.203006497341414,0.13534000797761,0.113784020643653,0.413184442695214,0.0644164899226762,0.458796197994512,0,NA,0.132701870630158,NA,NA,0.0755395710528815,0.0735636258751956,0.116737269571887,0.110506971549972,0.0742098780478756,0.143084653765899,0.161654707041588,0.496016866859922,0.406354583639675,0.0853967623525173,NA,0.460143612963084,0.496844726021673,0.414808188495106,0.177668299591015,NA,0.198207143712636,NA,0.162824522676024,0.11475711375257,0.455470955914259,0.499695627951005,0.453739447299482,NA
NA,NA,NA,NA,NA,NA,NA,NA,NA,NA,NA,NA,NA,NA,NA,NA,NA,NA,NA,NA,NA,NA,NA,NA,NA,NA,NA,NA,NA,NA,NA,NA,NA,NA,0,NA,NA,NA,NA,NA,NA,NA,NA,NA,NA,NA,NA,NA,NA,NA,NA,NA,NA,NA,NA,NA,NA,NA,NA,NA,NA,NA
0.0656235758636729,0.433677629991472,0.225687765799002,0.145827055462219,0.321057024161443,0.145585981485586,0.0861237742855488,0.127279747727242,0.0838754384040852,0.151324522003801,0.294705164604421,NA,0.188338479358849,0.11695803304086,0.408862841085727,0.19878944925263,0.191356083376228,0.337418776685056,0.1349631513224,0.299163066758966,0.360767834743699,NA,0.340352119546812,NA,NA,0.0634965503553411,NA,0.167644182740249,0.157511106061158,0.181023564659015,0.318943976028634,0.187148666468481,0.368993270163494,0.132701870630158,NA,0,NA,NA,0.057829226880616,0.181729831309565,0.13546242271902,0.0955862157235946,0.201858011677039,0.0274211050865836,0.0627680297925349,0.399230922216739,0.321462942939599,0.171747838071977,NA,0.387066539351272,0.391124453039017,0.306598756993353,0.103744114077217,NA,0.103933336682287,NA,0.165487897707434,0.0243690332170831,0.389682061163202,0.385705457870093,0.37236647088053,NA
NA,NA,NA,NA,NA,NA,NA,NA,NA,NA,NA,NA,NA,NA,NA,NA,NA,NA,NA,NA,NA,NA,NA,NA,NA,NA,NA,NA,NA,NA,NA,NA,NA,NA,NA,NA,0,NA,NA,NA,NA,NA,NA,NA,NA,NA,NA,NA,NA,NA,NA,NA,NA,NA,NA,NA,NA,NA,NA,NA,NA,NA
NA,NA,NA,NA,NA,NA,NA,NA,NA,NA,NA,NA,NA,NA,NA,NA,NA,NA,NA,NA,NA,NA,NA,NA,NA,NA,NA,NA,NA,NA,NA,NA,NA,NA,NA,NA,NA,0,NA,NA,NA,NA,NA,NA,NA,NA,NA,NA,NA,NA,NA,NA,NA,NA,NA,NA,NA,NA,NA,NA,NA,NA
0.0604282418875532,0.46536691669966,0.178349695713785,0.158022494677229,0.370058503506891,0.0978470436790952,0.0296817323836401,0.0936358989668658,0.0854070449247825,0.175280401133323,0.332458277902265,NA,0.147861058056877,0.0759569199253563,0.424794822090358,0.142661322050533,0.133690806873422,0.353921730587675,0.0816902127199483,0.3207560123978,0.403813078678134,NA,0.376756506315865,NA,NA,0.0472142662478682,NA,0.178048476464718,0.139348912523723,0.146308011756364,0.352094259629951,0.133845078172553,0.400111169476286,0.0755395710528815,NA,0.057829226880616,NA,NA,0,0.132758934078774,0.115876536119567,0.0717919856188066,0.144131070235267,0.0731896345054863,0.100323033074658,0.434304135271526,0.349538528377848,0.120417907494567,NA,0.409553577307219,0.431089432446942,0.347577187587054,0.129807419292435,NA,0.14182789560892,NA,0.157193698437328,0.0394527956307743,0.40848438653684,0.430378169446021,0.399034558975363,NA
0.130206787412067,0.594367363118095,0.045853174591579,0.177010947468842,0.501705534401005,0.0361602987392919,0.120613735017323,0.0690421936189547,0.135425953079134,0.2107807522375,0.464490755925571,NA,0.0392463665201934,0.0670433975224079,0.542004643825356,0.0528962135389306,0.075894753169473,0.473032960969629,0.12727716043374,0.444677328293812,0.536561825748388,NA,0.508245686042964,NA,NA,0.123230959960046,NA,0.185138970774809,0.103084956345553,0.0582453242769388,0.482448114373889,0.0256677418586141,0.529174798088814,0.0735636258751956,NA,0.181729831309565,NA,NA,0.132758934078774,0,0.0963707817494643,0.182748979654479,0.100454245817045,0.182135884808292,0.187684577039231,0.565086927100107,0.47732067154248,0.148203640166437,NA,0.532780167014301,0.563434150485643,0.480191250316941,0.186735290563084,NA,0.213829185215758,NA,0.133081006624508,0.170551698508309,0.528633533102196,0.563108900059474,0.525430015551461,NA
0.0698388971611175,0.569091410427566,0.122807121260301,0.0806802089058244,0.448593158940412,0.0754406934199021,0.126762104086592,0.0357112747830947,0.0571936481648222,0.114545525012952,0.429845290523729,NA,0.0751666489550094,0.056432397545165,0.538327296068572,0.143954272721967,0.157786835654747,0.467062136552397,0.165872168305172,0.431446786816965,0.493591678267484,NA,0.47563593584456,NA,NA,0.0748094772681588,NA,0.090489343521503,0.023502279327202,0.0573642070948364,0.45439119707062,0.118335198915905,0.504319627509969,0.116737269571887,NA,0.13546242271902,NA,NA,0.115876536119567,0.0963707817494643,0,0.18682638224419,0.180583404687599,0.121939722685363,0.111279064760928,0.534614799310493,0.456169563728693,0.20088882161403,NA,0.520008129252739,0.525379247357782,0.44074912223615,0.096227157345325,NA,0.125568408268837,NA,0.0462891892305176,0.137839328034297,0.520811342498302,0.517231840682999,0.5067954975684,NA
0.130564585772834,0.413569478457898,0.227809091831426,0.227309834116834,0.345645685954527,0.153266974138265,0.0645509694819661,0.161073087385583,0.155488267996099,0.240593216167449,0.290518660448669,NA,0.207287626239802,0.140634070887848,0.360508508041506,0.172614228174099,0.152578598107114,0.290793973688291,0.0723205974785839,0.262012959341732,0.367746498586865,NA,0.331899815673965,NA,NA,0.118383424805424,NA,0.248023370780899,0.210152806283516,0.210329801281021,0.303901734453913,0.174697648509172,0.348676998405711,0.110506971549972,NA,0.0955862157235946,NA,NA,0.0717919856188066,0.182748979654479,0.18682638224419,0,0.151291150502443,0.121949624372152,0.156279053128274,0.386730053190861,0.295998523017121,0.0953965455216832,NA,0.350031223156602,0.389891580986446,0.309727651212361,0.193294905754236,NA,0.198475559344893,NA,0.228945821637142,0.0724979637203514,0.346235557114569,0.39645554405102,0.343232574081744,NA
0.17956235745392,0.555766218248843,0.125196332155974,0.257349237786776,0.496507027140278,0.105465080554761,0.116177384404651,0.145381509340845,0.196569968463784,0.286757881585834,0.440097871445265,NA,0.139700582759186,0.128485737755513,0.484203686835741,0.0511297981473028,0.0245887602919643,0.419545982075045,0.0790112473386146,0.399307351254153,0.518473557200092,NA,0.479902220340031,NA,NA,0.16659588728295,NA,0.270427252659552,0.194691396597703,0.157655297594393,0.45034347973819,0.0755337583045329,0.492060831073669,0.0742098780478756,NA,0.201858011677039,NA,NA,0.144131070235267,0.100454245817045,0.180583404687599,0.151291150502443,0,0.215414687673537,0.235703709266698,0.532622942627954,0.438378508036116,0.0704710212250498,NA,0.48366974097746,0.53908305801158,0.460307708565682,0.251236889766404,NA,0.272372275234082,NA,0.22434282222798,0.181035085495254,0.475000164075599,0.54745751168992,0.482224860899873,NA
0.0548201888062423,0.450524789411649,0.223925558322116,0.120881912332668,0.327535260600262,0.146320765603843,0.102864298460628,0.120911874838579,0.0660803077283148,0.12427849229847,0.309311655248733,NA,0.182939287882561,0.115266770355238,0.431467139976613,0.206089501648025,0.202302887635777,0.360134712955694,0.154326146435629,0.320569791028282,0.371676028494251,NA,0.355352971314799,NA,NA,0.058944087097787,NA,0.142734399852636,0.142310797569975,0.172655558050945,0.335705850818803,0.19118219239308,0.386384467240193,0.143084653765899,NA,0.0274211050865836,NA,NA,0.0731896345054863,0.182135884808292,0.121939722685363,0.121949624372152,0.215414687673537,0,0.0353529172842509,0.414599875765768,0.340405008014105,0.192418948907686,NA,0.407731269554294,0.403835911835083,0.319220219766131,0.076910511578982,NA,0.0767404833955312,NA,0.146176657463149,0.0495023337960183,0.411519349089226,0.395331218832279,0.391581644612859,NA
0.0586603414280311,0.474421618676502,0.225608959276648,0.090269512832864,0.339901912370398,0.153684662355677,0.129349973657463,0.1206874294927,0.0550998039411496,0.0895160885954384,0.331308938380778,NA,0.1809550308479,0.121542090626004,0.461877731040815,0.219356831120827,0.219873648844959,0.390795955104054,0.181806525982582,0.349945914249325,0.388998649274621,NA,0.377514716335838,NA,NA,0.0697067455883611,NA,0.111806540600256,0.12787944336789,0.166984839150602,0.359956665994397,0.200919418590922,0.411116640525974,0.161654707041588,NA,0.0627680297925349,NA,NA,0.100323033074658,0.187684577039231,0.111279064760928,0.156279053128274,0.235703709266698,0.0353529172842509,0,0.436914995368939,0.36704587050542,0.220704306682178,NA,0.436055927622104,0.423105891864885,0.338890241463045,0.0430172548240459,NA,0.0424133567041016,NA,0.124951472724086,0.0838754384040853,0.441126023941516,0.410991931744922,0.418341506136005,NA
0.464808735109939,0.0451365803991533,0.610924519836397,0.525015578590131,0.153037620413544,0.531626796655543,0.444779265945081,0.524048541201751,0.480558460693312,0.51152335289838,0.105606535587422,NA,0.58195342191146,0.509442512123921,0.154301249671774,0.559300663451712,0.538015431357515,0.154123298684566,0.456475544765076,0.144008401906008,0.082389981973609,NA,0.0594004352290861,NA,NA,0.461828533228994,NA,0.545287739402058,0.556231157786538,0.578156724568356,0.0828483534812681,0.560414317185494,0.0464265250980727,0.496016866859922,NA,0.399230922216739,NA,NA,0.434304135271526,0.565086927100107,0.534614799310493,0.386730053190861,0.532622942627954,0.414599875765768,0.436914995368939,0,0.097724686416955,0.465054511961992,NA,0.104097965265886,0.0463650110491159,0.102842953776953,0.4757134727663,NA,0.454672784608235,NA,0.560297370003694,0.400726329043332,0.131275584638309,0.0953827366127296,0.0756629863858506,NA
0.386660506487544,0.117713924598696,0.522921464274715,0.4571363603456,0.169821568304863,0.44519763200498,0.356737856235119,0.441790667135942,0.404963188720368,0.448723073650119,0.0696547603021006,NA,0.497193896840491,0.425458661432556,0.117762404911848,0.467628661014351,0.445150042957691,0.0745934704304205,0.363731672966921,0.0475178533882029,0.127370269889449,NA,0.0644914245280832,NA,NA,0.381791519493158,NA,0.478358542637041,0.47871317171174,0.495455330297022,0.0346852592129732,0.470668460647466,0.0538586399986887,0.406354583639675,NA,0.321462942939599,NA,NA,0.349538528377848,0.47732067154248,0.456169563728693,0.295998523017121,0.438378508036116,0.340405008014105,0.36704587050542,0.097724686416955,0,0.369837154448317,NA,0.0742098780478756,0.121299808986968,0.0929050515011488,0.408378764977421,NA,0.391201062866133,NA,0.486291624794096,0.319112227648434,0.0904735723811319,0.156021766454826,0.0512969804947227,NA
0.173765853871006,0.486858995953288,0.184287386480376,0.266429947404947,0.438349711371704,0.13585324704191,0.0915398204319499,0.166081155362892,0.196372746720149,0.289787758570293,0.375375587465982,NA,0.184610535580658,0.144484775978238,0.413750719440037,0.112397968660933,0.0844493090824873,0.349166822005789,0.0391707769150495,0.329801320475036,0.455140182585715,NA,0.413673243993625,NA,NA,0.159342357734017,NA,0.283559029901288,0.220417144684486,0.197305708009041,0.383306566603389,0.128482320399861,0.423648025245596,0.0853967623525173,NA,0.171747838071977,NA,NA,0.120417907494567,0.148203640166437,0.20088882161403,0.0953965455216832,0.0704710212250498,0.192418948907686,0.220704306682178,0.465054511961992,0.369837154448317,0,NA,0.413512940496548,0.473620155717904,0.396883086471897,0.247192150071713,NA,0.261853292812702,NA,0.247173498719009,0.147788287033102,0.404575660026683,0.484741120634562,0.412769796253934,NA
NA,NA,NA,NA,NA,NA,NA,NA,NA,NA,NA,NA,NA,NA,NA,NA,NA,NA,NA,NA,NA,NA,NA,NA,NA,NA,NA,NA,NA,NA,NA,NA,NA,NA,NA,NA,NA,NA,NA,NA,NA,NA,NA,NA,NA,NA,NA,NA,0,NA,NA,NA,NA,NA,NA,NA,NA,NA,NA,NA,NA,NA
