"Abraham Lincoln","Adolf Hitler","Albert Einstein","Alexander the Great","Andrew Jackson","Barack Obama","Benito Mussolini","Benjamin Franklin","Bill Clinton","Bill Gates","Charlemagne","Christopher Columbus","Cleopatra","Constantine the Great","Dwight D. Eisenhower","Elizabeth I of England","Elizabeth II","Fidel Castro","Franklin D. Roosevelt","Gautama Buddha","Genghis Khan","George H. W. Bush","George W. Bush","George Washington","Harry Truman","Henry Ford","Henry VIII of England","Hillary Clinton","Jesus Christ","Joan of Arc","John Adams","John F. Kennedy","Joseph Stalin","Julius Caesar","Karl Marx","Lyndon B. Johnson","Mahatma Gandhi","Malcolm X","Mao Zedong","Margaret Thatcher","Martin Luther King Jr.","Mikhail Gorbachev","Mother Teresa","Napoleon Bonaparte","Nelson Mandela","Pope Francis","Pope John Paul II","Prophet Muhammad","Queen Victoria","Richard Nixon","Robert E. Lee","Ronald Reagan","Rosa Parks","Saddam Hussein","Theodore Roosevelt","Thomas Edison","Thomas Jefferson","Ulysses S. Grant","Vladimir Lenin","Vladimir Putin","Winston Churchill","Woodrow Wilson"
0,0.501457769545937,0.218848713528597,NA,NA,0.0846870861672962,0.383720364759281,0.0340773551887511,0.0711738882101443,0.4329338603403,0.390233243495696,0.0887869238151958,NA,0.34085626074164,NA,NA,0.213643491379388,0.606355885298695,0.0125717078929754,0.17477585582403,NA,NA,0.502707790015781,0.0910827426364318,0.362600244725806,0.395421269386881,0.213796804091463,0.0966848047706106,NA,0.316012767496978,0.373134109726259,0.0162052453533601,NA,0.301420600941645,0.379342365564578,0.444308387099991,0.232799208434113,0.638944518103002,0.500811625243665,0.434861727024827,0.625895502959615,0.351405687364586,0.208303614927232,0.633941579118948,NA,0.617963782915426,0.622107094746078,0.190301441410452,0.211079495089943,NA,0.361751424091052,0.615319082180906,0.42520694487995,0.497016498645753,0.0867695554992789,0.33886852052327,0.357338900367368,0.486514537707765,NA,0.338877052099511,0.215474926446182,0.414762396235381
0.501457769545937,0,0.627462520108451,NA,NA,0.586104859416688,0.446407362329635,0.505808132946176,0.555863299539718,0.442617685803765,0.493518382423273,0.588646301666256,NA,0.160836212849401,NA,NA,0.291467190116622,0.132072270777561,0.502586523188654,0.60484333003582,NA,NA,0.0305507706588048,0.591666068280513,0.248857747542936,0.457010693678635,0.288870016101818,0.59364785062537,NA,0.592799036292619,0.43604131981587,0.505012528969204,NA,0.585329902586526,0.38555376091525,0.409642297099267,0.631232527795097,0.338140412269829,0.0153344170526464,0.397048384158753,0.308946411096825,0.231899165365217,0.628475382577805,0.323540949623284,NA,0.158100130534899,0.152999701929434,0.614455505721978,0.290954247176186,NA,0.425798640833285,0.290692463522087,0.385881061489564,0.01649991031301,0.582562705345288,0.164450628139452,0.238713124346024,0.402093977422048,NA,0.168021710809147,0.28604636490818,0.373691563965523
0.218848713528597,0.627462520108451,0,NA,NA,0.200630426797448,0.320712296925089,0.187202294615205,0.155059696290572,0.372988802617776,0.299200753598854,0.215882654082206,NA,0.474730947973123,NA,NA,0.348574375175736,0.702614234752387,0.229832881944646,0.0453332523063438,NA,NA,0.638041929996967,0.18396324484308,0.41504867057142,0.326194446183382,0.374844479756885,0.165926623849893,NA,0.151187528471956,0.316634270739586,0.203140112658194,NA,0.139911704228096,0.352082416548868,0.402222780446808,0.0161008386359664,0.652598989683975,0.631621717785813,0.39911279172891,0.649306828395185,0.417679187233682,0.0158596139323002,0.652786506253204,NA,0.705151230987633,0.713469918440122,0.0300498392377788,0.356950335888014,NA,0.312189866952957,0.644381355330222,0.395321333049279,0.618175057255306,0.231238504870913,0.467292589480789,0.41733583696202,0.45050699736269,NA,0.460866559495277,0.369354505842928,0.391605144862505
NA,NA,NA,0,NA,NA,NA,NA,NA,NA,NA,NA,NA,NA,NA,NA,NA,NA,NA,NA,NA,NA,NA,NA,NA,NA,NA,NA,NA,NA,NA,NA,NA,NA,NA,NA,NA,NA,NA,NA,NA,NA,NA,NA,NA,NA,NA,NA,NA,NA,NA,NA,NA,NA,NA,NA,NA,NA,NA,NA,NA,NA
NA,NA,NA,NA,0,NA,NA,NA,NA,NA,NA,NA,NA,NA,NA,NA,NA,NA,NA,NA,NA,NA,NA,NA,NA,NA,NA,NA,NA,NA,NA,NA,NA,NA,NA,NA,NA,NA,NA,NA,NA,NA,NA,NA,NA,NA,NA,NA,NA,NA,NA,NA,NA,NA,NA,NA,NA,NA,NA,NA,NA,NA
0.0846870861672962,0.586104859416688,0.200630426797448,NA,NA,0,0.435798138124202,0.0893333766329842,0.0604554074081315,0.487478251180197,0.434159203134315,0.0155218099579063,NA,0.42553828274064,NA,NA,0.29798075267203,0.690573680727395,0.0842306717087597,0.1563100981193,NA,NA,0.587074579217366,0.0173539110998557,0.440218342707917,0.44613527000794,0.298090692565095,0.0351492748808004,NA,0.329847774560008,0.426644272053318,0.0834519253689252,NA,0.315709188431285,0.440839077899208,0.5039465826288,0.216577922953542,0.713696130115618,0.585351305821321,0.495875066194309,0.702205378717328,0.430907921394229,0.18625266488565,0.709552170990018,NA,0.70171011092691,0.706111343680207,0.170763896103834,0.295750564589986,NA,0.416725765782009,0.692455411905878,0.487430308471207,0.581703514241507,0.0307394545152744,0.423531577657668,0.436029716499028,0.548642300708047,NA,0.423399583535513,0.300081189303647,0.478346323256603
0.383720364759281,0.446407362329635,0.320712296925089,NA,NA,0.435798138124202,0,0.356948311007434,0.376067541997213,0.0531381178515844,0.0480374314997139,0.449011917969665,NA,0.351000259101688,NA,NA,0.29850018517664,0.467503414029968,0.39498477618095,0.332086213017134,NA,NA,0.469530004864092,0.427051227618616,0.198991782997716,0.0138831288798846,0.345701060036813,0.414866941200776,NA,0.19930028163211,0.0132072270777561,0.372028999912418,NA,0.200928016321202,0.0614514709620959,0.0830786662688645,0.313083795019547,0.345020892224016,0.457198330995093,0.0832987732793077,0.348050068707436,0.220011458607993,0.332176887399099,0.348315087371876,NA,0.458675656169495,0.470983996289211,0.330011347520032,0.316538382992535,NA,0.0270809992950837,0.347529130785261,0.0843364371061061,0.431658158182967,0.456568175991336,0.338002158122215,0.210814523485167,0.131009960958978,NA,0.324302580513823,0.332547307147989,0.0878046166201952
0.0340773551887511,0.505808132946176,0.187202294615205,NA,NA,0.0893333766329842,0.356948311007434,0,0.0511466602339047,0.407190655348924,0.36098537856958,0.0985848792333789,NA,0.345032064773342,NA,NA,0.21478169571809,0.6055662632968,0.0465136617311176,0.144070493497416,NA,NA,0.509089338528759,0.0891687116502058,0.350906209699023,0.368217770446876,0.222278605274915,0.0881606012442944,NA,0.282104358968248,0.346842823135317,0.0180614117730622,NA,0.267510638110079,0.356438350333774,0.420686868205081,0.200668850244191,0.624612753172987,0.506189045603999,0.411852442402096,0.6129212725372,0.341886671447033,0.177499209682694,0.620341325284829,NA,0.615567664565075,0.620509469934345,0.159403773942459,0.215091069759091,NA,0.335975304392898,0.60312608631811,0.402760312414082,0.500303836569521,0.10212596064346,0.341745702942091,0.346835182147977,0.464129111408479,NA,0.340295992890207,0.221906517989185,0.392981453040633
0.0711738882101443,0.555863299539718,0.155059696290572,NA,NA,0.0604554074081315,0.376067541997213,0.0511466602339047,0,0.428024991427074,0.373743138040684,0.0749078110076803,NA,0.395230515322029,NA,NA,0.264474516126695,0.653450501912726,0.0795740692084769,0.10977552503626,NA,NA,0.559662314609658,0.0511984495657692,0.391892965955952,0.386206837032172,0.273368995937153,0.0424117658073986,NA,0.272789351712683,0.367155610724313,0.0587454882906482,NA,0.258439767215457,0.383174985849194,0.445543544364957,0.170174544045803,0.661676753252308,0.556526914739701,0.43787243229067,0.651487179575938,0.384816942874297,0.142699386511989,0.658221746378508,NA,0.662570416768616,0.667950933605822,0.125294757422277,0.265558164358745,NA,0.357527633341825,0.642518944028818,0.429821871910844,0.550028646519981,0.0861201716976129,0.391569459992728,0.388909162523721,0.490828003249912,NA,0.38962154675033,0.272789351712683,0.42122543241355
0.4329338603403,0.442617685803765,0.372988802617776,NA,NA,0.487478251180197,0.0531381178515844,0.407190655348924,0.428024991427074,0,0.0826046168353134,0.500463689130593,NA,0.365172475736828,NA,NA,0.330278439731911,0.448606087211521,0.44390911109731,0.385141741853171,NA,NA,0.467901607850529,0.479111786165569,0.203843386336213,0.0469775213567438,0.37715123678926,0.46722504365515,NA,0.246108563775471,0.060872414668721,0.42179586813337,NA,0.249264030383474,0.0701235451683569,0.0404759283242724,0.364924321256228,0.302410909946098,0.454615239049357,0.0485909510795962,0.308494557399168,0.227856786656134,0.384721766789288,0.307213440961953,NA,0.436637646119759,0.449832657418441,0.382888791411755,0.348358661210695,NA,0.0712314106754785,0.310009055520862,0.0574810158055803,0.4270816913445,0.507584545463023,0.351868168496492,0.21712898443682,0.0832987732793077,NA,0.337564217667793,0.363738639015393,0.0689280221953578
0.390233243495696,0.493518382423273,0.299200753598854,NA,NA,0.434159203134315,0.0480374314997139,0.36098537856958,0.373743138040684,0.0826046168353134,0,0.448178924330544,NA,0.393077080899218,NA,NA,0.330191621978307,0.515403563621718,0.402089783141653,0.316584047446571,NA,NA,0.516204621810337,0.423797716553738,0.245332014735102,0.041119615381277,0.377075211177543,0.41017186797463,NA,0.164741912930618,0.0574810158055803,0.377231079124933,NA,0.169080893365478,0.109408392812467,0.121056187040773,0.289679560001528,0.384620303192818,0.50407899328477,0.124926947782607,0.38971614442686,0.265404795495615,0.312056328937442,0.388997739965197,NA,0.506268049076275,0.518687239744789,0.312374256198288,0.347946912912169,NA,0.0683559081371854,0.390328927406522,0.128645749768502,0.478916133326204,0.457246809016993,0.380297014622889,0.256700892553365,0.165903390114621,NA,0.36694622402406,0.364289968572193,0.134151906431561
0.0887869238151958,0.588646301666256,0.215882654082206,NA,NA,0.0155218099579063,0.449011917969665,0.0985848792333789,0.0749078110076803,0.500463689130593,0.448178924330544,0,NA,0.42843850826597,NA,NA,0.302296165371195,0.695001412270337,0.0861201716976128,0.17169395201083,NA,NA,0.58881695053448,0.0319990309786057,0.448539487325595,0.459513215500734,0.300011331366352,0.0500563330402989,NA,0.345275676058488,0.439679480688452,0.090264363013334,NA,0.331117717137172,0.4528071394494,0.516268092767025,0.231857604512629,0.723078481487759,0.587492612670314,0.507982623326306,0.711103903521579,0.438507476983051,0.201402287965142,0.718674886885121,NA,0.70674330813637,0.710839585372122,0.186066300873393,0.299165321210026,NA,0.429568439181316,0.701073609441536,0.499339304176565,0.58466148083236,0.01649991031301,0.426903955631153,0.443956326839571,0.560624483886236,NA,0.427289802009062,0.302680866059666,0.490021844129826
NA,NA,NA,NA,NA,NA,NA,NA,NA,NA,NA,NA,0,NA,NA,NA,NA,NA,NA,NA,NA,NA,NA,NA,NA,NA,NA,NA,NA,NA,NA,NA,NA,NA,NA,NA,NA,NA,NA,NA,NA,NA,NA,NA,NA,NA,NA,NA,NA,NA,NA,NA,NA,NA,NA,NA,NA,NA,NA,NA,NA,NA
0.34085626074164,0.160836212849401,0.474730947973123,NA,NA,0.42553828274064,0.351000259101688,0.345032064773342,0.395230515322029,0.365172475736828,0.393077080899218,0.42843850826597,NA,0,NA,NA,0.131241469702736,0.271471974414935,0.342320489695073,0.448887416334708,NA,NA,0.165355000550058,0.430880523944895,0.164531185553806,0.363914122565319,0.129987165577959,0.432820319974388,NA,0.459978565624165,0.338534909670319,0.344196617044841,NA,0.450469025680753,0.297135447657842,0.343001797933454,0.479982954944605,0.386011529528043,0.161368606277085,0.329063835426049,0.362360302021758,0.139056706639718,0.474344074326728,0.374989067796884,NA,0.288014701982166,0.289337529246254,0.45942879411249,0.130120546583316,NA,0.325768735908911,0.346294328296525,0.316021153731764,0.156223759385748,0.422870625303162,0.013352365799113,0.150644743313822,0.354730922818184,NA,0.0279047436949663,0.125833926180196,0.301620360659235
NA,NA,NA,NA,NA,NA,NA,NA,NA,NA,NA,NA,NA,NA,0,NA,NA,NA,NA,NA,NA,NA,NA,NA,NA,NA,NA,NA,NA,NA,NA,NA,NA,NA,NA,NA,NA,NA,NA,NA,NA,NA,NA,NA,NA,NA,NA,NA,NA,NA,NA,NA,NA,NA,NA,NA,NA,NA,NA,NA,NA,NA
NA,NA,NA,NA,NA,NA,NA,NA,NA,NA,NA,NA,NA,NA,NA,0,NA,NA,NA,NA,NA,NA,NA,NA,NA,NA,NA,NA,NA,NA,NA,NA,NA,NA,NA,NA,NA,NA,NA,NA,NA,NA,NA,NA,NA,NA,NA,NA,NA,NA,NA,NA,NA,NA,NA,NA,NA,NA,NA,NA,NA,NA
0.213643491379388,0.291467190116622,0.348574375175736,NA,NA,0.29798075267203,0.29850018517664,0.21478169571809,0.264474516126695,0.330278439731911,0.330191621978307,0.302296165371195,NA,0.131241469702736,NA,NA,0,0.392716515905598,0.216711372777524,0.319933835924432,NA,NA,0.296483635569198,0.302022674581316,0.177489708055988,0.312382740112654,0.0472026381916077,0.302882180938926,NA,0.355828818230942,0.285305898633434,0.215300429244032,NA,0.344335882483502,0.261103419316939,0.322238157967858,0.355230448491725,0.451375194347172,0.292566148648881,0.309157673587988,0.433603921220144,0.158054407341554,0.346874079967169,0.443724541622201,NA,0.404755116581597,0.408591120396131,0.331235569973196,0.0181013854370964,NA,0.271423158496953,0.420584342745893,0.296443814836911,0.28558105666875,0.298453368328624,0.127096992996674,0.16749895745888,0.350658265283196,NA,0.125644233907561,0.0341268092390935,0.282442353771007
0.606355885298695,0.132072270777561,0.702614234752387,NA,NA,0.690573680727395,0.467503414029968,0.6055662632968,0.653450501912726,0.448606087211521,0.515403563621718,0.695001412270337,NA,0.271471974414935,NA,NA,0.392716515905598,0,0.609260600775138,0.686650207222823,NA,NA,0.153916571690767,0.693977675690519,0.291731581986722,0.475170747900958,0.400891422867751,0.693568939022798,NA,0.641881925867514,0.459896849020887,0.607539187157812,NA,0.637042008779461,0.406917799429685,0.410039686268087,0.703765436437202,0.253763317239863,0.143339523910954,0.400053988004176,0.224229723480277,0.285386110114107,0.706168663285348,0.238242339138971,NA,0.0308099130543283,0.0211575422428568,0.69416512089555,0.396567512100318,NA,0.452801286605385,0.207250749852776,0.391833942967623,0.12591814212951,0.690812621435052,0.270297959130304,0.287004939834746,0.387469272773246,NA,0.268178967121649,0.395340225390852,0.383071854696814
0.0125717078929754,0.502586523188654,0.229832881944646,NA,NA,0.0842306717087597,0.39498477618095,0.0465136617311176,0.0795740692084769,0.44390911109731,0.402089783141653,0.0861201716976128,NA,0.342320489695073,NA,NA,0.216711372777524,0.609260600775138,0,0.18544503404751,NA,NA,0.503073809657655,0.0928536415454011,0.369500590116269,0.406788113947229,0.214125604645953,0.100611984220882,NA,0.32854799216326,0.384282524674471,0.0284942553741054,NA,0.313955226421207,0.389584443352138,0.454704263129621,0.243984881333147,0.64643297882503,0.50155769368746,0.445092873719328,0.63295230913864,0.357622636168068,0.21894556970163,0.641196932755927,NA,0.621431707639941,0.625288557412606,0.201014330760079,0.213119594449877,NA,0.37277493676398,0.622127232725091,0.435286460863921,0.498544008615712,0.0818427815915178,0.340816676102158,0.363865128128541,0.496539279823908,NA,0.341356327801668,0.216581260201284,0.42466094872574
0.17477585582403,0.60484333003582,0.0453332523063438,NA,NA,0.1563100981193,0.332086213017134,0.144070493497416,0.10977552503626,0.385141741853171,0.316584047446571,0.17169395201083,NA,0.448887416334708,NA,NA,0.319933835924432,0.686650207222823,0.18544503404751,0,NA,NA,0.613614272420611,0.139966797067769,0.404013958987893,0.33920677515337,0.342297967221067,0.122049206709379,NA,0.182714845983826,0.326339917563152,0.159331209105433,NA,0.169763476702919,0.356259860708606,0.411051406976958,0.0607892420668099,0.653233302070253,0.608062819097072,0.406463422846724,0.647881537622553,0.403916148646471,0.0335285466829003,0.652343097679901,NA,0.691067516672804,0.698590782076632,0.0155992259491634,0.326632141177113,NA,0.320108496145399,0.64173590040822,0.401283669052351,0.59645652480601,0.186748726351218,0.442382476164445,0.404827134259056,0.458984408477821,NA,0.437087664198722,0.337940852106937,0.395991155014189
NA,NA,NA,NA,NA,NA,NA,NA,NA,NA,NA,NA,NA,NA,NA,NA,NA,NA,NA,NA,0,NA,NA,NA,NA,NA,NA,NA,NA,NA,NA,NA,NA,NA,NA,NA,NA,NA,NA,NA,NA,NA,NA,NA,NA,NA,NA,NA,NA,NA,NA,NA,NA,NA,NA,NA,NA,NA,NA,NA,NA,NA
NA,NA,NA,NA,NA,NA,NA,NA,NA,NA,NA,NA,NA,NA,NA,NA,NA,NA,NA,NA,NA,0,NA,NA,NA,NA,NA,NA,NA,NA,NA,NA,NA,NA,NA,NA,NA,NA,NA,NA,NA,NA,NA,NA,NA,NA,NA,NA,NA,NA,NA,NA,NA,NA,NA,NA,NA,NA,NA,NA,NA,NA
0.502707790015781,0.0305507706588048,0.638041929996967,NA,NA,0.587074579217366,0.469530004864092,0.509089338528759,0.559662314609658,0.467901607850529,0.516204621810337,0.58881695053448,NA,0.165355000550058,NA,NA,0.296483635569198,0.153916571690767,0.503073809657655,0.613614272420611,NA,NA,0,0.593478996792579,0.270906058301132,0.480505700319133,0.288984255776646,0.596378965235415,NA,0.609896533360686,0.458809579368767,0.50721228091265,NA,0.601899285990364,0.409136184964919,0.435829648857371,0.642511444545957,0.368432319852934,0.0152872099101921,0.423015314674477,0.339160604808373,0.252323719030626,0.638334127856922,0.353769938061465,NA,0.181870313047702,0.175073356235236,0.623799122271455,0.294107785910135,NA,0.448141293000625,0.32090154938468,0.411573896407743,0.0466378087359018,0.581941615673724,0.171233073083884,0.259993791803787,0.429903140582166,NA,0.177193545240832,0.287572686611198,0.399053629116574
0.0910827426364318,0.591666068280513,0.18396324484308,NA,NA,0.0173539110998557,0.427051227618616,0.0891687116502058,0.0511984495657692,0.479111786165569,0.423797716553738,0.0319990309786057,NA,0.430880523944895,NA,NA,0.302022674581316,0.693977675690519,0.0928536415454011,0.139966797067769,NA,NA,0.593478996792579,0,0.439045033706379,0.437066166525292,0.30472281951794,0.0180614117730622,NA,0.315438161586449,0.418239482507574,0.0867723320806302,NA,0.301418203021178,0.434282934183295,0.496737691698606,0.19996043594156,0.71084907541667,0.591338588633327,0.489034076946318,0.700031908277954,0.430695965118485,0.16942537285809,0.707067426741616,NA,0.704407372241517,0.709160904524678,0.154202756690398,0.300801303719612,NA,0.408683095761115,0.69066717394314,0.48092619272374,0.586818853684102,0.0479319925367827,0.428362586119972,0.435384417523531,0.541969506262814,NA,0.427656709655995,0.305997041819812,0.472231521818075
0.362600244725806,0.248857747542936,0.41504867057142,NA,NA,0.440218342707917,0.198991782997716,0.350906209699023,0.391892965955952,0.203843386336213,0.245332014735102,0.448539487325595,NA,0.164531185553806,NA,NA,0.177489708055988,0.291731581986722,0.369500590116269,0.404013958987893,NA,NA,0.270906058301132,0.439045033706379,0,0.210431324903757,0.215964107237511,0.434167526956766,NA,0.351726405598366,0.188002376669345,0.358401247230014,NA,0.346133577868954,0.139656617140173,0.178885071864418,0.4148640375297,0.278034569806676,0.258965013979781,0.164996182766147,0.263487010214686,0.0256931672078792,0.420099442492182,0.27203582761846,NA,0.291232341292236,0.300532064270557,0.409702870931049,0.192563051354924,NA,0.177237049671942,0.252722523353142,0.152089977859496,0.234754226604436,0.449045720643709,0.151208243348873,0.0139004719583266,0.191257421951753,NA,0.136627199916187,0.203326231259706,0.137887498824557
0.395421269386881,0.457010693678635,0.326194446183382,NA,NA,0.44613527000794,0.0138831288798846,0.368217770446876,0.386206837032172,0.0469775213567438,0.041119615381277,0.459513215500734,NA,0.363914122565319,NA,NA,0.312382740112654,0.475170747900958,0.406788113947229,0.33920677515337,NA,NA,0.480505700319133,0.437066166525292,0.210431324903757,0,0.359583758392043,0.424579244095077,NA,0.200168770141924,0.0270809992950837,0.383508714129328,NA,0.202789937339124,0.0714576659926993,0.0819104603913193,0.318000938851632,0.345467512364113,0.468010240964569,0.0844477761538633,0.34967988761934,0.23195214465206,0.338072004912875,0.349364876464937,NA,0.465598934323702,0.478132217463325,0.336574978666173,0.330421383952096,NA,0.040961112454964,0.349878260996694,0.0875875807377341,0.442113901167106,0.467353423928372,0.350872565470809,0.22251260334509,0.128634512532553,NA,0.337095691712274,0.346428577735596,0.0931308597474376
0.213796804091463,0.288870016101818,0.374844479756885,NA,NA,0.298090692565095,0.345701060036813,0.222278605274915,0.273368995937153,0.37715123678926,0.377075211177543,0.300011331366352,NA,0.129987165577959,NA,NA,0.0472026381916077,0.400891422867751,0.214125604645953,0.342297967221067,NA,NA,0.288984255776646,0.30472281951794,0.215964107237511,0.359583758392043,0,0.308350043146895,NA,0.395596706250354,0.332507457911997,0.21892246018951,NA,0.383501803683209,0.307758782349303,0.368177855702343,0.383014617505001,0.483480336980052,0.287482190652844,0.354944121656388,0.463905327993867,0.194150482059902,0.37141586352525,0.474829900418417,NA,0.41609163989879,0.418260219770274,0.354828711436573,0.0291876069990339,NA,0.318624613176007,0.449870147266906,0.342112100234891,0.28558105666875,0.293694630076747,0.130656396942803,0.204653754619694,0.395120774790878,NA,0.134462242274231,0.0134780801531411,0.327962291012025
0.0966848047706106,0.59364785062537,0.165926623849893,NA,NA,0.0351492748808004,0.414866941200776,0.0881606012442944,0.0424117658073986,0.46722504365515,0.41017186797463,0.0500563330402989,NA,0.432820319974388,NA,NA,0.302882180938926,0.693568939022798,0.100611984220882,0.122049206709379,NA,NA,0.596378965235415,0.0180614117730622,0.434167526956766,0.424579244095077,0.308350043146895,0,NA,0.298608320170586,0.406378059515984,0.0894492697952665,NA,0.284682012351504,0.424129019230631,0.485904056679006,0.181933888322568,0.704043703295349,0.593784197513556,0.478551774697321,0.693898516956437,0.426809132987074,0.15136590210598,0.700621559002071,NA,0.703246601110169,0.708367859987727,0.136198022881885,0.302738966702252,NA,0.397167297979264,0.684922794954627,0.470769100971681,0.588322464817457,0.0658717525536716,0.42975684590867,0.431048236124043,0.531599217696048,NA,0.42843850826597,0.308845796265452,0.462452524526367
NA,NA,NA,NA,NA,NA,NA,NA,NA,NA,NA,NA,NA,NA,NA,NA,NA,NA,NA,NA,NA,NA,NA,NA,NA,NA,NA,NA,0,NA,NA,NA,NA,NA,NA,NA,NA,NA,NA,NA,NA,NA,NA,NA,NA,NA,NA,NA,NA,NA,NA,NA,NA,NA,NA,NA,NA,NA,NA,NA,NA,NA
0.316012767496978,0.592799036292619,0.151187528471956,NA,NA,0.329847774560008,0.19930028163211,0.282104358968248,0.272789351712683,0.246108563775471,0.164741912930618,0.345275676058488,NA,0.459978565624165,NA,NA,0.355828818230942,0.641881925867514,0.32854799216326,0.182714845983826,NA,NA,0.609896533360686,0.315438161586449,0.351726405598366,0.200168770141924,0.395596706250354,0.298608320170586,NA,0,0.200062823786133,0.30016547895554,NA,0.0145938034995169,0.247581383781681,0.28180443375976,0.137948639692453,0.544220422895851,0.600365470691767,0.28257624484588,0.546348748887332,0.363258772528075,0.166407991858099,0.547171431341941,NA,0.63813028299536,0.648835792577355,0.173090105068624,0.370073934349288,NA,0.201071853134699,0.544819067245487,0.282624839286671,0.580497846220145,0.358298381912635,0.449378782372082,0.358718397509347,0.328784765048523,NA,0.439036802357963,0.385782400863041,0.283393565899418
0.373134109726259,0.43604131981587,0.316634270739586,NA,NA,0.426644272053318,0.0132072270777561,0.346842823135317,0.367155610724313,0.060872414668721,0.0574810158055803,0.439679480688452,NA,0.338534909670319,NA,NA,0.285305898633434,0.459896849020887,0.384282524674471,0.326339917563152,NA,NA,0.458809579368767,0.418239482507574,0.188002376669345,0.0270809992950837,0.332507457911997,0.406378059515984,NA,0.200062823786133,0,0.361688148521449,NA,0.200731272658498,0.0529791912726404,0.0856095012046903,0.309581322534371,0.344419834425866,0.44663397930853,0.0836508919045316,0.346316590869888,0.208508234855651,0.327668312563727,0.347134444115456,NA,0.451780670768669,0.463867933697673,0.324832582864472,0.30334716025378,NA,0.0138831288798846,0.345109564375556,0.0826046168353135,0.421435863303158,0.446933261216507,0.325577872678957,0.199556395864455,0.133902040345798,NA,0.311950538620782,0.319348933473059,0.0838809869393698
0.0162052453533601,0.505012528969204,0.203140112658194,NA,NA,0.0834519253689252,0.372028999912418,0.0180614117730622,0.0587454882906482,0.42179586813337,0.377231079124933,0.090264363013334,NA,0.344196617044841,NA,NA,0.215300429244032,0.607539187157812,0.0284942553741054,0.159331209105433,NA,NA,0.50721228091265,0.0867723320806302,0.358401247230014,0.383508714129328,0.21892246018951,0.0894492697952665,NA,0.30016547895554,0.361688148521449,0,NA,0.28557177651719,0.369630973715704,0.43426462642988,0.216952486108676,0.633611233590592,0.50484648113377,0.425125345184032,0.621223867830148,0.348245219523305,0.192853101303211,0.628965880284697,NA,0.618388986643713,0.622913266421488,0.174808936427952,0.214088470989044,NA,0.350566185886217,0.611025665026555,0.415751035032321,0.500070225167769,0.0911911288782673,0.341595507515017,0.353710002681807,0.477115291505333,NA,0.340916335786532,0.219639918263083,0.405636897542891
NA,NA,NA,NA,NA,NA,NA,NA,NA,NA,NA,NA,NA,NA,NA,NA,NA,NA,NA,NA,NA,NA,NA,NA,NA,NA,NA,NA,NA,NA,NA,NA,0,NA,NA,NA,NA,NA,NA,NA,NA,NA,NA,NA,NA,NA,NA,NA,NA,NA,NA,NA,NA,NA,NA,NA,NA,NA,NA,NA,NA,NA
0.301420600941645,0.585329902586526,0.139911704228096,NA,NA,0.315709188431285,0.200928016321202,0.267510638110079,0.258439767215457,0.249264030383474,0.169080893365478,0.331117717137172,NA,0.450469025680753,NA,NA,0.344335882483502,0.637042008779461,0.313955226421207,0.169763476702919,NA,NA,0.601899285990364,0.301418203021178,0.346133577868954,0.202789937339124,0.383501803683209,0.284682012351504,NA,0.0145938034995169,0.200731272658498,0.28557177651719,NA,0,0.246612204778121,0.283872644649597,0.127341292154446,0.54514664929015,0.592614491968304,0.283930351311428,0.546477498654817,0.356797087461855,0.154840460206408,0.547689874207624,NA,0.633956780752896,0.644424351038676,0.16066235525525,0.358301071577922,NA,0.200731272658498,0.544461641140955,0.283300884569384,0.573269426030813,0.344041889360615,0.440073834736807,0.35266426681688,0.331327931463524,NA,0.430001203006385,0.373889440746594,0.283318742963361
0.379342365564578,0.38555376091525,0.352082416548868,NA,NA,0.440839077899208,0.0614514709620959,0.356438350333774,0.383174985849194,0.0701235451683569,0.109408392812467,0.4528071394494,NA,0.297135447657842,NA,NA,0.261103419316939,0.406917799429685,0.389584443352138,0.356259860708606,NA,NA,0.409136184964919,0.434282934183295,0.139656617140173,0.0714576659926993,0.307758782349303,0.424129019230631,NA,0.247581383781681,0.0529791912726404,0.369630973715704,NA,0.246612204778121,0,0.0656519351913393,0.346762236976437,0.30143498806386,0.396583915065893,0.0555194985606099,0.300649886197429,0.162083671641543,0.361698140136779,0.302723845690658,NA,0.398937693258873,0.410955271602718,0.356721451648711,0.27913807810991,NA,0.047207742007181,0.29800015677687,0.0466481394058117,0.37066199177863,0.458316233615066,0.28390998559364,0.152145411453017,0.107817937727548,NA,0.269794776678199,0.294312509121081,0.0397370461151401
0.444308387099991,0.409642297099267,0.402222780446808,NA,NA,0.5039465826288,0.0830786662688645,0.420686868205081,0.445543544364957,0.0404759283242724,0.121056187040773,0.516268092767025,NA,0.343001797933454,NA,NA,0.322238157967858,0.410039686268087,0.454704263129621,0.411051406976958,NA,NA,0.435829648857371,0.496737691698606,0.178885071864418,0.0819104603913193,0.368177855702343,0.485904056679006,NA,0.28180443375976,0.0856095012046903,0.43426462642988,NA,0.283872644649597,0.0656519351913393,0,0.395175648865831,0.263703628630448,0.422148146720432,0.0139523718474832,0.268775725770847,0.204044213815781,0.41315431139671,0.26794168986906,NA,0.39733711313115,0.410708382035264,0.409993265694085,0.340088488189017,NA,0.0909583361063941,0.269877812847836,0.0271076757086723,0.393821080096365,0.522279728801195,0.329650502846014,0.192656865267694,0.0482925391411073,NA,0.315127148220146,0.354700358346094,0.0416725187639808
0.232799208434113,0.631232527795097,0.0161008386359664,NA,NA,0.216577922953542,0.313083795019547,0.200668850244191,0.170174544045803,0.364924321256228,0.289679560001528,0.231857604512629,NA,0.479982954944605,NA,NA,0.355230448491725,0.703765436437202,0.243984881333147,0.0607892420668099,NA,NA,0.642511444545957,0.19996043594156,0.4148640375297,0.318000938851632,0.383014617505001,0.181933888322568,NA,0.137948639692453,0.309581322534371,0.216952486108676,NA,0.127341292154446,0.346762236976437,0.395175648865831,0,0.64787856266959,0.635755221786835,0.392567410192222,0.645296731248984,0.418480201864719,0.0316584047446571,0.648434641507721,NA,0.705600720899174,0.714206362428354,0.0458353555206109,0.364252930564574,NA,0.305759957807895,0.64079927116304,0.389253448355593,0.621605371180051,0.247154789367604,0.472190705060059,0.41767976405538,0.443462212321785,NA,0.465335475093485,0.37707009966217,0.386082051300817
0.638944518103002,0.338140412269829,0.652598989683975,NA,NA,0.713696130115618,0.345020892224016,0.624612753172987,0.661676753252308,0.302410909946098,0.384620303192818,0.723078481487759,NA,0.386011529528043,NA,NA,0.451375194347172,0.253763317239863,0.64643297882503,0.653233302070253,NA,NA,0.368432319852934,0.71084907541667,0.278034569806676,0.345467512364113,0.483480336980052,0.704043703295349,NA,0.544220422895851,0.344419834425866,0.633611233590592,NA,0.54514664929015,0.30143498806386,0.263703628630448,0.64787856266959,0,0.35344084935886,0.26173012003539,0.0298809959953285,0.293897181797642,0.661483015585999,0.0155218099579063,NA,0.226273706597786,0.241280032923376,0.655204629826335,0.464371983801557,NA,0.345062787418725,0.0479169108879108,0.261852519951941,0.323102049771816,0.724739552912505,0.376292341944468,0.285575994805284,0.219810970583675,NA,0.364860275293092,0.472256010179558,0.262759074596344
0.500811625243665,0.0153344170526464,0.631621717785813,NA,NA,0.585351305821321,0.457198330995093,0.506189045603999,0.556526914739701,0.454615239049357,0.50407899328477,0.587492612670314,NA,0.161368606277085,NA,NA,0.292566148648881,0.143339523910954,0.50155769368746,0.608062819097072,NA,NA,0.0152872099101921,0.591338588633327,0.258965013979781,0.468010240964569,0.287482190652844,0.593784197513556,NA,0.600365470691767,0.44663397930853,0.50484648113377,NA,0.592614491968304,0.396583915065893,0.422148146720432,0.635755221786835,0.35344084935886,0,0.409425804764023,0.324224565918758,0.241088237952638,0.632262214355865,0.338823726223532,NA,0.170386775943756,0.164433046731597,0.617972749899237,0.291103259205791,NA,0.436154021686363,0.305968695928851,0.398099779717144,0.0313602027639446,0.581010602298089,0.166170381941464,0.248383880943652,0.415542363652251,NA,0.171006394493258,0.285365004015634,0.385719319772305
0.434861727024827,0.397048384158753,0.39911279172891,NA,NA,0.495875066194309,0.0832987732793077,0.411852442402096,0.43787243229067,0.0485909510795962,0.124926947782607,0.507982623326306,NA,0.329063835426049,NA,NA,0.309157673587988,0.400053988004176,0.445092873719328,0.406463422846724,NA,NA,0.423015314674477,0.489034076946318,0.164996182766147,0.0844477761538633,0.354944121656388,0.478551774697321,NA,0.28257624484588,0.0836508919045316,0.425125345184032,NA,0.283930351311428,0.0555194985606099,0.0139523718474832,0.392567410192222,0.26173012003539,0.409425804764023,0,0.265274952584935,0.190122847932865,0.409654647830715,0.265186841135777,NA,0.388065737195925,0.401244041375046,0.405911208039614,0.326961685853819,NA,0.0869276790910729,0.265463794005957,0.0131889724358904,0.381301088786631,0.513661697624281,0.315712240929324,0.178754382263961,0.0531381178515844,NA,0.301191913347226,0.341469235857695,0.0277662577597692
0.625895502959615,0.308946411096825,0.649306828395185,NA,NA,0.702205378717328,0.348050068707436,0.6129212725372,0.651487179575938,0.308494557399168,0.38971614442686,0.711103903521579,NA,0.362360302021758,NA,NA,0.433603921220144,0.224229723480277,0.63295230913864,0.647881537622553,NA,NA,0.339160604808373,0.700031908277954,0.263487010214686,0.34967988761934,0.463905327993867,0.693898516956437,NA,0.546348748887332,0.346316590869888,0.621223867830148,NA,0.546477498654817,0.300649886197429,0.268775725770847,0.645296731248984,0.0298809959953285,0.324224565918758,0.265274952584935,0,0.277428200878417,0.657587116558824,0.0146432462278256,NA,0.197087872512578,0.212164462899029,0.650550146359651,0.445915423489007,NA,0.345759596507097,0.01826040505485,0.26390820158279,0.294055353853934,0.712140911519254,0.353113500838636,0.269898344734481,0.227600761770308,NA,0.342181812185909,0.453056613098724,0.263159459486954
0.351405687364586,0.231899165365217,0.417679187233682,NA,NA,0.430907921394229,0.220011458607993,0.341886671447033,0.384816942874297,0.227856786656134,0.265404795495615,0.438507476983051,NA,0.139056706639718,NA,NA,0.158054407341554,0.285386110114107,0.357622636168068,0.403916148646471,NA,NA,0.252323719030626,0.430695965118485,0.0256931672078792,0.23195214465206,0.194150482059902,0.426809132987074,NA,0.363258772528075,0.208508234855651,0.348245219523305,NA,0.356797087461855,0.162083671641543,0.204044213815781,0.418480201864719,0.293897181797642,0.241088237952638,0.190122847932865,0.277428200878417,0,0.421801580018462,0.286871436074972,NA,0.287572686611198,0.295798623715951,0.410510059198299,0.172134003183802,NA,0.197054864075917,0.265478314705245,0.177135069336252,0.218565603764079,0.438140857837399,0.125717078929754,0.0118820443712538,0.21693693849682,NA,0.111156101734444,0.181870313047702,0.162817793656987
0.208303614927232,0.628475382577805,0.0158596139323002,NA,NA,0.18625266488565,0.332176887399099,0.177499209682694,0.142699386511989,0.384721766789288,0.312056328937442,0.201402287965142,NA,0.474344074326728,NA,NA,0.346874079967169,0.706168663285348,0.21894556970163,0.0335285466829003,NA,NA,0.638334127856922,0.16942537285809,0.420099442492182,0.338072004912875,0.37141586352525,0.15136590210598,NA,0.166407991858099,0.327668312563727,0.192853101303211,NA,0.154840460206408,0.361698140136779,0.41315431139671,0.0316584047446571,0.661483015585999,0.632262214355865,0.409654647830715,0.657587116558824,0.421801580018462,0,0.661357711392784,NA,0.709373886214498,0.717415974139295,0.0181013854370964,0.35452439160112,NA,0.322749156494538,0.652294344964247,0.405487789585418,0.619536862338997,0.21693693849682,0.467283308953598,0.421890104348544,0.46139738672911,NA,0.461308609763319,0.366446889626961,0.401336499868833
0.633941579118948,0.323540949623284,0.652786506253204,NA,NA,0.709552170990018,0.348315087371876,0.620341325284829,0.658221746378508,0.307213440961953,0.388997739965197,0.718674886885121,NA,0.374989067796884,NA,NA,0.443724541622201,0.238242339138971,0.641196932755927,0.652343097679901,NA,NA,0.353769938061465,0.707067426741616,0.27203582761846,0.349364876464937,0.474829900418417,0.700621559002071,NA,0.547171431341941,0.347134444115456,0.628965880284697,NA,0.547689874207624,0.302723845690658,0.26794168986906,0.648434641507721,0.0155218099579063,0.338823726223532,0.265186841135777,0.0146432462278256,0.286871436074972,0.661357711392784,0,NA,0.21079052254723,0.225810062152021,0.654680798583234,0.456343852518407,NA,0.347162204766153,0.0328901256278905,0.264547383154603,0.308618707467221,0.719998190906775,0.365543732499635,0.278973175584437,0.225348671174703,NA,0.354398647576324,0.463813914391752,0.264604751815947
NA,NA,NA,NA,NA,NA,NA,NA,NA,NA,NA,NA,NA,NA,NA,NA,NA,NA,NA,NA,NA,NA,NA,NA,NA,NA,NA,NA,NA,NA,NA,NA,NA,NA,NA,NA,NA,NA,NA,NA,NA,NA,NA,NA,0,NA,NA,NA,NA,NA,NA,NA,NA,NA,NA,NA,NA,NA,NA,NA,NA,NA
0.617963782915426,0.158100130534899,0.705151230987633,NA,NA,0.70171011092691,0.458675656169495,0.615567664565075,0.662570416768616,0.436637646119759,0.506268049076275,0.70674330813637,NA,0.288014701982166,NA,NA,0.404755116581597,0.0308099130543283,0.621431707639941,0.691067516672804,NA,NA,0.181870313047702,0.704407372241517,0.291232341292236,0.465598934323702,0.41609163989879,0.703246601110169,NA,0.63813028299536,0.451780670768669,0.618388986643713,NA,0.633956780752896,0.398937693258873,0.39733711313115,0.705600720899174,0.226273706597786,0.170386775943756,0.388065737195925,0.197087872512578,0.287572686611198,0.709373886214498,0.21079052254723,NA,0,0.0152240393510829,0.697972492240246,0.409835161268662,NA,0.445486762252899,0.180658132056599,0.380621872738082,0.150061467854564,0.703205146269272,0.285588649295729,0.287921834629029,0.37184050008536,NA,0.282064216535802,0.409734624507444,0.372764595728577
0.622107094746078,0.152999701929434,0.713469918440122,NA,NA,0.706111343680207,0.470983996289211,0.620509469934345,0.667950933605822,0.449832657418441,0.518687239744789,0.710839585372122,NA,0.289337529246254,NA,NA,0.408591120396131,0.0211575422428568,0.625288557412606,0.698590782076632,NA,NA,0.175073356235236,0.709160904524678,0.300532064270557,0.478132217463325,0.418260219770274,0.708367859987727,NA,0.648835792577355,0.463867933697673,0.622913266421488,NA,0.644424351038676,0.410955271602718,0.410708382035264,0.714206362428354,0.241280032923376,0.164433046731597,0.401244041375046,0.212164462899029,0.295798623715951,0.717415974139295,0.225810062152021,NA,0.0152240393510829,0,0.705758111284754,0.413038833644344,NA,0.457318989590788,0.19580872461803,0.393584255213501,0.146379802935628,0.706966901116476,0.2876053587094,0.296661544532288,0.385903537597659,NA,0.284832614039435,0.412338860828036,0.385466267152225
0.190301441410452,0.614455505721978,0.0300498392377788,NA,NA,0.170763896103834,0.330011347520032,0.159403773942459,0.125294757422277,0.382888791411755,0.312374256198288,0.186066300873393,NA,0.45942879411249,NA,NA,0.331235569973196,0.69416512089555,0.201014330760079,0.0155992259491634,NA,NA,0.623799122271455,0.154202756690398,0.409702870931049,0.336574978666173,0.354828711436573,0.136198022881885,NA,0.173090105068624,0.324832582864472,0.174808936427952,NA,0.16066235525525,0.356721451648711,0.409993265694085,0.0458353555206109,0.655204629826335,0.617972749899237,0.405911208039614,0.650550146359651,0.410510059198299,0.0181013854370964,0.654680798583234,NA,0.697972492240246,0.705758111284754,0,0.33846515840623,NA,0.319206314256922,0.644814172507563,0.40120380927488,0.605779475173675,0.201324516990916,0.452625133805713,0.411006859233411,0.458106440230622,NA,0.446967760117462,0.350122629078689,0.396446595234285
0.211079495089943,0.290954247176186,0.356950335888014,NA,NA,0.295750564589986,0.316538382992535,0.215091069759091,0.265558164358745,0.348358661210695,0.347946912912169,0.299165321210026,NA,0.130120546583316,NA,NA,0.0181013854370964,0.396567512100318,0.213119594449877,0.326632141177113,NA,NA,0.294107785910135,0.300801303719612,0.192563051354924,0.330421383952096,0.0291876069990339,0.302738966702252,NA,0.370073934349288,0.30334716025378,0.214088470989044,NA,0.358301071577922,0.27913807810991,0.340088488189017,0.364252930564574,0.464371983801557,0.291103259205791,0.326961685853819,0.445915423489007,0.172134003183802,0.35452439160112,0.456343852518407,NA,0.409835161268662,0.413038833644344,0.33846515840623,0,NA,0.289464069466273,0.432504587994228,0.314210663890298,0.28604636490818,0.294376353622889,0.127792674261448,0.18202920960197,0.368052194153462,NA,0.12840580877788,0.01649991031301,0.300161465699322
NA,NA,NA,NA,NA,NA,NA,NA,NA,NA,NA,NA,NA,NA,NA,NA,NA,NA,NA,NA,NA,NA,NA,NA,NA,NA,NA,NA,NA,NA,NA,NA,NA,NA,NA,NA,NA,NA,NA,NA,NA,NA,NA,NA,NA,NA,NA,NA,NA,0,NA,NA,NA,NA,NA,NA,NA,NA,NA,NA,NA,NA
0.361751424091052,0.425798640833285,0.312189866952957,NA,NA,0.416725765782009,0.0270809992950837,0.335975304392898,0.357527633341825,0.0712314106754785,0.0683559081371854,0.429568439181316,NA,0.325768735908911,NA,NA,0.271423158496953,0.452801286605385,0.37277493676398,0.320108496145399,NA,NA,0.448141293000625,0.408683095761115,0.177237049671942,0.040961112454964,0.318624613176007,0.397167297979264,NA,0.201071853134699,0.0138831288798846,0.350566185886217,NA,0.200731272658498,0.047207742007181,0.0909583361063941,0.305759957807895,0.345062787418725,0.436154021686363,0.0869276790910729,0.345759596507097,0.197054864075917,0.322749156494538,0.347162204766153,NA,0.445486762252899,0.457318989590788,0.319206314256922,0.289464069466273,NA,0,0.343822631007627,0.0837631421927595,0.411368377177955,0.436504647621692,0.312868253129964,0.188428635664838,0.138918031255793,NA,0.299338416923015,0.305467484804985,0.0826075334075392
