"Abraham Lincoln","Adolf Hitler","Albert Einstein","Alexander the Great","Andrew Jackson","Barack Obama","Benito Mussolini","Benjamin Franklin","Bill Clinton","Bill Gates","Charlemagne","Christopher Columbus","Cleopatra","Constantine the Great","Dwight D. Eisenhower","Elizabeth I of England","Elizabeth II","Fidel Castro","Franklin D. Roosevelt","Gautama Buddha","Genghis Khan","George H. W. Bush","George W. Bush","George Washington","Harry Truman","Henry Ford","Henry VIII of England","Hillary Clinton","Jesus Christ","Joan of Arc","John Adams","John F. Kennedy","Joseph Stalin","Julius Caesar","Karl Marx","Lyndon B. Johnson","Mahatma Gandhi","Malcolm X","Mao Zedong","Margaret Thatcher","Martin Luther King Jr.","Mikhail Gorbachev","Mother Teresa","Napoleon Bonaparte","Nelson Mandela","Pope Francis","Pope John Paul II","Prophet Muhammad","Queen Victoria","Richard Nixon","Robert E. Lee","Ronald Reagan","Rosa Parks","Saddam Hussein","Theodore Roosevelt","Thomas Edison","Thomas Jefferson","Ulysses S. Grant","Vladimir Lenin","Vladimir Putin","Winston Churchill","Woodrow Wilson"
0,NA,NA,NA,NA,NA,NA,NA,NA,NA,NA,NA,NA,NA,NA,NA,NA,NA,NA,NA,NA,NA,NA,NA,NA,NA,NA,NA,NA,NA,NA,NA,NA,NA,NA,NA,NA,NA,NA,NA,NA,NA,NA,NA,NA,NA,NA,NA,NA,NA,NA,NA,NA,NA,NA,NA,NA,NA,NA,NA,NA,NA
NA,0,0.175649207201615,0.286454272085803,0.0241985767274349,0.16765335572306,NA,NA,0.158806048017511,0.179684405163121,NA,0.219353834326875,0.226777810656806,0.263869294433863,0.0702435521147609,0.220732299133693,0.0828458043750665,0.0754487853187645,NA,0.283475050898986,NA,0.30828747230335,0.303319630718221,0.214015463812373,0.0875318624525904,0.178555690675093,0.0798921058295811,NA,0.251626511356802,0.276087342318857,NA,0.27575980223558,0.0121355174747371,0.0996887719892376,0.154531905685445,0.0683788841891972,0.273256896404799,0.209280732339184,NA,0.132096925790322,0.223875631671476,NA,0.24928756630996,NA,0.277806913023983,0.250186184897671,0.250428450732105,0.133263363302607,0.0739822211105483,0.0896618772370155,0.0915342206159052,0.105112257684661,0.218052032365992,0.0828797112541294,0.202385213654895,0.182106704946688,NA,0.18592443323929,0.211010458173593,0.0125900458462947,0.117175648034036,0.0778557360687016
NA,0.175649207201615,0,0.168011186632532,0.183719546219851,0.221751946159844,NA,NA,0.217235522427095,0.0212574727851036,NA,0.0744365492257867,0.0921867157319181,0.210981052027513,0.187456982552856,0.0820164165507569,0.239637239137781,0.11083373139404,NA,0.159043976386611,NA,0.208045894577356,0.199516653411871,0.0626762598263615,0.198216864487343,0.0120968692317601,0.19571523197301,NA,0.0763020035532429,0.225958637576069,NA,0.143529034827516,0.177918587910013,0.12146124182274,0.182271200394846,0.234769037119401,0.134274158660076,0.153802166237475,NA,0.100949080414066,0.174050366579495,NA,0.0742995971301978,NA,0.150599366081172,0.0767837756679436,0.0747817458672703,0.180410032667455,0.235126296777022,0.117098693900429,0.200660480682396,0.070642402024987,0.16513462728525,0.112958593201056,0.127011366388934,0.0338885106844557,NA,0.100245026246104,0.0850587985924431,0.175647207738065,0.158135279098304,0.194352684693692
NA,0.286454272085803,0.168011186632532,0,0.305000050626847,0.213455144839062,NA,NA,0.215781022364776,0.186645245002816,NA,0.223603028220763,0.242289872565353,0.098849113747057,0.253709619927861,0.232841826084292,0.311611218911883,0.252701252988294,NA,0.0119508252152417,NA,0.0449821395152778,0.0355870073446484,0.211769162354038,0.252384645330669,0.17806657252884,0.33854985584472,NA,0.146715426142745,0.107905158462853,NA,0.0298123409297107,0.294641991425657,0.277300351673629,0.346889953706025,0.318375258103191,0.0430757266829785,0.0959708000432045,NA,0.154519784228745,0.0981741245264326,NA,0.166728388778056,NA,0.0201259332887229,0.176932168949996,0.15431357378592,0.197551911812079,0.312863113555052,0.268724809659215,0.346654990107891,0.208264107685215,0.0958084262137313,0.260524664505363,0.292498195665676,0.198450605302576,NA,0.266752396949214,0.0857714947404134,0.279466898734781,0.192397881493511,0.255363047096461
NA,0.0241985767274349,0.183719546219851,0.305000050626847,0,0.19172679102522,NA,NA,0.182863695252768,0.185046516798375,NA,0.219903382431469,0.22538437984944,0.28654416701535,0.0938829284668254,0.220269871922424,0.0977151521836521,0.0759822065317473,NA,0.30139921998746,NA,0.328647515314401,0.323347481700779,0.215846115989768,0.110874917233914,0.185106607619726,0.0566608883844748,NA,0.260014149281015,0.299009551355155,NA,0.292747834455003,0.0122411709854634,0.0916275361646365,0.136620736511939,0.0798100057982339,0.289435184961363,0.230905121014812,NA,0.151573337028706,0.246128693501521,NA,0.255856762913408,NA,0.295360266598955,0.255810546136202,0.258135738507064,0.157405139242146,0.0877749364945623,0.0840285840205073,0.0683000849378108,0.113489007954207,0.2400238345188,0.0800268016028376,0.194353889380249,0.185838781053884,NA,0.180660980988442,0.227013600928208,0.0365509661304869,0.140890673321834,0.101186533041085
NA,0.16765335572306,0.221751946159844,0.213455144839062,0.19172679102522,0,NA,NA,0.00892220989410173,0.239624048755931,NA,0.294242413062731,0.310026309440986,0.138952962005235,0.0985977216400221,0.300474154084628,0.133949436509162,0.199995457733448,NA,0.217821052376108,NA,0.210075221618162,0.210006666938129,0.283401119183313,0.0834245569493904,0.232326916395211,0.247096609864117,NA,0.273184056119836,0.144661562756094,NA,0.221436024665954,0.179787966479423,0.236555878468503,0.309013808278065,0.151006919808423,0.227431951268438,0.118208140187728,NA,0.120803093799542,0.116553570456487,NA,0.283325102228102,NA,0.217261387904536,0.289973436433426,0.276817392825447,0.043947444771951,0.140908121340535,0.223527624287019,0.258649961306568,0.185173001103505,0.117724851933539,0.212423228139132,0.319135861549909,0.249902932284294,NA,0.294106711383457,0.185369512752489,0.15517977765098,0.0681988830536419,0.0926035685279794
NA,NA,NA,NA,NA,NA,0,NA,NA,NA,NA,NA,NA,NA,NA,NA,NA,NA,NA,NA,NA,NA,NA,NA,NA,NA,NA,NA,NA,NA,NA,NA,NA,NA,NA,NA,NA,NA,NA,NA,NA,NA,NA,NA,NA,NA,NA,NA,NA,NA,NA,NA,NA,NA,NA,NA,NA,NA,NA,NA,NA,NA
NA,NA,NA,NA,NA,NA,NA,0,NA,NA,NA,NA,NA,NA,NA,NA,NA,NA,NA,NA,NA,NA,NA,NA,NA,NA,NA,NA,NA,NA,NA,NA,NA,NA,NA,NA,NA,NA,NA,NA,NA,NA,NA,NA,NA,NA,NA,NA,NA,NA,NA,NA,NA,NA,NA,NA,NA,NA,NA,NA,NA,NA
NA,0.158806048017511,0.217235522427095,0.215781022364776,0.182863695252768,0.00892220989410173,NA,NA,0,0.234715675588979,NA,0.289190782839023,0.304712428238362,0.14434155498699,0.0896788491338174,0.29525164546926,0.125722733409053,0.192215864330399,NA,0.21969832887337,NA,0.214152717899404,0.213728641318006,0.27851102030529,0.0745308523242768,0.227604836829084,0.238304271072992,NA,0.270521050867168,0.150701940454127,NA,0.222604482703469,0.170941389437324,0.22872182491164,0.300820706132494,0.142490234005854,0.228126812753363,0.120036057584325,NA,0.116412868340352,0.119853543603101,NA,0.280120449153691,NA,0.218788459530228,0.286540898602943,0.273940221026677,0.0376459546035527,0.132488057505069,0.215697999502917,0.249866858917461,0.178581914157489,0.120395393843617,0.204628689084033,0.312452742172253,0.244764597641659,NA,0.287643099892676,0.184099565817665,0.146320721980289,0.0617333946487717,0.0836893552248652
NA,0.179684405163121,0.0212574727851036,0.186645245002816,0.185046516798375,0.239624048755931,NA,NA,0.234715675588979,0,NA,0.0547890698273488,0.0717849054086843,0.232209984302754,0.198804234412552,0.0617542508462106,0.248480412534053,0.109778805017834,NA,0.177207862742471,NA,0.227605351173443,0.218925929632012,0.0437953447163109,0.210770095349288,0.00924441448674914,0.190763293727307,NA,0.0787691055993205,0.247180926851923,NA,0.161065623243704,0.180537819974548,0.113853584233951,0.168328619963977,0.241930126404788,0.151028625115284,0.175016908732309,NA,0.119140344910528,0.19528468734276,NA,0.0711740146892968,NA,0.168623241135164,0.0707798145774896,0.075212570210317,0.197487901662444,0.243213384654421,0.111691252434917,0.194574221445764,0.0755712634185217,0.186367179967816,0.109536466226017,0.106656800160424,0.0126642146519433,NA,0.0802853089489198,0.105285857279936,0.181145032712393,0.174566164038083,0.20615563903255
NA,NA,NA,NA,NA,NA,NA,NA,NA,NA,0,NA,NA,NA,NA,NA,NA,NA,NA,NA,NA,NA,NA,NA,NA,NA,NA,NA,NA,NA,NA,NA,NA,NA,NA,NA,NA,NA,NA,NA,NA,NA,NA,NA,NA,NA,NA,NA,NA,NA,NA,NA,NA,NA,NA,NA,NA,NA,NA,NA,NA,NA
NA,0.219353834326875,0.0744365492257867,0.223603028220763,0.219903382431469,0.294242413062731,NA,NA,0.289190782839023,0.0547890698273488,NA,0,0.0190255719743773,0.281311491057473,0.248244262536182,0.00924441448674919,0.294186309401473,0.144552272697699,NA,0.212863655157283,NA,0.267172933778858,0.258036400484632,0.0124403817358801,0.261429437309142,0.062806870494279,0.212478331441781,NA,0.0861473767023096,0.296092219277096,NA,0.19530626708604,0.217823739597402,0.13490043266926,0.165887204291604,0.285251461190148,0.183394282678431,0.226476654033836,NA,0.173905696071474,0.246396330437065,NA,0.0678063781447704,NA,0.204101681490624,0.0600082753137863,0.0789917224509466,0.251826951125354,0.287895728731617,0.137925530186908,0.213423881454494,0.121837514620603,0.237542596081405,0.140012991871288,0.0779098484873603,0.0445006974505121,NA,0.0605849085124267,0.150353524965903,0.223068367863559,0.22862250773097,0.256037431582768
NA,0.226777810656806,0.0921867157319181,0.242289872565353,0.22538437984944,0.310026309440986,NA,NA,0.304712428238362,0.0717849054086843,NA,0.0190255719743773,0,0.300198964204548,0.260003343423337,0.0102531225370168,0.303787817426793,0.151372393295509,NA,0.231464670860148,NA,0.285996187087853,0.276837268636139,0.0314220689847592,0.273837211151427,0.080296973239109,0.213147247788388,NA,0.10269208918718,0.314999501664141,NA,0.213827211510279,0.224293049725976,0.137213268513486,0.159109473072419,0.29376339712394,0.20177984004391,0.245028469088906,NA,0.190263103392983,0.265022942051917,NA,0.0834245569493904,NA,0.222707009328814,0.0746642444918032,0.0952582175551952,0.267194403288741,0.297031720733993,0.14192963395099,0.213052758854427,0.133532780170151,0.256153084061,0.145434758122306,0.0654233760876288,0.0604126902475065,NA,0.0540143837075364,0.169360316691879,0.231405994348646,0.243689441542863,0.268009407049359
NA,0.263869294433863,0.210981052027513,0.098849113747057,0.28654416701535,0.138952962005235,NA,NA,0.14434155498699,0.232209984302754,NA,0.281311491057473,0.300198964204548,0,0.210792866625116,0.289991199466248,0.262152078985062,0.257092368636999,NA,0.108436540916477,NA,0.0766372707353334,0.0797204791956346,0.268872886613313,0.20292764049321,0.222978608148455,0.332513516793328,NA,0.22197408941868,0.0150313031572352,NA,0.121186240346444,0.27461459842484,0.289818367390255,0.365632950378175,0.274623550517204,0.132818115457946,0.0612536533375128,NA,0.144233645758129,0.0419438771409649,NA,0.239553199096351,NA,0.112759433742073,0.249120799744749,0.2285631015831,0.141974167623016,0.266469180839162,0.278370593653233,0.342682079339936,0.220120477466487,0.0499165549697182,0.267960917495443,0.336196872183021,0.24486358275721,NA,0.308962660380745,0.131921336842723,0.253669011474034,0.149122950301202,0.209117329671796
NA,0.0702435521147609,0.187456982552856,0.253709619927861,0.0938829284668254,0.0985977216400221,NA,NA,0.0896788491338174,0.198804234412552,NA,0.248244262536182,0.260003343423337,0.210792866625116,0,0.252022586409761,0.0586826594973767,0.120992883637175,NA,0.253499123822222,NA,0.26666943919842,0.263395931738503,0.239988715218154,0.0177523359162931,0.19447913603787,0.150133015434452,NA,0.257181602045482,0.221177352155253,NA,0.249951646489259,0.082294282112021,0.154795312534031,0.22026083670333,0.0652423982137179,0.250791877469187,0.16439854465225,NA,0.106770890409622,0.174586951991073,NA,0.260414999426496,NA,0.249591686684827,0.264002357911299,0.258116236797527,0.0703268323850574,0.0591535668533082,0.142389143573468,0.161777072609702,0.126550598302055,0.170711128320733,0.132412045484259,0.250966863054958,0.205364797722422,NA,0.229718240831587,0.192562704935079,0.0576542422272733,0.0631118141652442,0.00872317645753876
NA,0.220732299133693,0.0820164165507569,0.232841826084292,0.220269871922424,0.300474154084628,NA,NA,0.29525164546926,0.0617542508462106,NA,0.00924441448674919,0.0102531225370168,0.289991199466248,0.252022586409761,0,0.296776218347702,0.145523275448468,NA,0.222107479558238,NA,0.276387811157541,0.26725704934413,0.0213782860547993,0.265587308080134,0.0701685153615494,0.210454932625238,NA,0.0949233551254768,0.30480039499706,NA,0.204550296821343,0.218699619679784,0.133552942611511,0.16045538331544,0.287247642344562,0.192631390389646,0.234775519469708,NA,0.180495666650644,0.254770519890906,NA,0.0762313947517138,NA,0.213345428588938,0.0680407763688023,0.0876668384193544,0.257781757222199,0.290229683923171,0.13742810128872,0.210908351320757,0.125472002601,0.245900282766092,0.140244405343766,0.0700700120971599,0.0506314313573318,NA,0.0547997522485986,0.159259498677534,0.22493672137718,0.234379768008991,0.259941201024331
NA,0.0828458043750665,0.239637239137781,0.311611218911883,0.0977151521836521,0.133949436509162,NA,NA,0.125722733409053,0.248480412534053,NA,0.294186309401473,0.303787817426793,0.262152078985062,0.0586826594973767,0.296776218347702,0,0.154949515262698,NA,0.31175394620251,NA,0.322473038877857,0.319727370867797,0.287247642344562,0.0600823620394868,0.24531639558707,0.150457045023001,NA,0.312046708219875,0.271118880530439,NA,0.308537995297387,0.0909028009795719,0.182333489979858,0.234331813273153,0.0213782860547993,0.309471867550574,0.220392607892712,NA,0.165223218639755,0.228694184255141,NA,0.313664704665544,NA,0.308023063687969,0.316388983871976,0.312393538335496,0.12039053195662,0.0105679844788164,0.171792580090102,0.161446758272997,0.173395360630858,0.225716040219608,0.164032833101514,0.284518775788837,0.253414599247234,NA,0.266720358124967,0.251055942166248,0.0744239664510316,0.119500415288764,0.0562482306285536
NA,0.0754487853187645,0.11083373139404,0.252701252988294,0.0759822065317473,0.199995457733448,NA,NA,0.192215864330399,0.109778805017834,NA,0.144552272697699,0.151372393295509,0.257092368636999,0.120992883637175,0.145523275448468,0.154949515262698,0,NA,0.246942111969664,NA,0.283490330469135,0.276749719790109,0.140012991871288,0.137754821273449,0.110667776937685,0.0874328369080308,NA,0.18650469508481,0.271267808417133,NA,0.235415891318356,0.0732714868709217,0.0366341456795808,0.111776119044542,0.143090368142071,0.229769196477667,0.1964710326571,NA,0.112859057403016,0.21515022453831,NA,0.180907051473386,NA,0.239788144061398,0.180352920756351,0.184015608962024,0.157295028244931,0.147291988437589,0.0236307316797962,0.0944361913680174,0.0452468189400122,0.207370119917217,0.0124403817358801,0.130816329148443,0.109946101311236,NA,0.111792875199348,0.168739141758064,0.0809503833710107,0.134124116025379,0.129692881383109
NA,NA,NA,NA,NA,NA,NA,NA,NA,NA,NA,NA,NA,NA,NA,NA,NA,NA,0,NA,NA,NA,NA,NA,NA,NA,NA,NA,NA,NA,NA,NA,NA,NA,NA,NA,NA,NA,NA,NA,NA,NA,NA,NA,NA,NA,NA,NA,NA,NA,NA,NA,NA,NA,NA,NA,NA,NA,NA,NA,NA,NA
NA,0.283475050898986,0.159043976386611,0.0119508252152417,0.30139921998746,0.217821052376108,NA,NA,0.21969832887337,0.177207862742471,NA,0.212863655157283,0.231464670860148,0.108436540916477,0.253499123822222,0.222107479558238,0.31175394620251,0.246942111969664,NA,0,NA,0.0568012098321575,0.0474123205635689,0.201130159723284,0.253010986792919,0.168780763266399,0.33334020121649,NA,0.135099014066715,0.118208140187728,NA,0.0180660980988443,0.291299041259304,0.270469116143039,0.339061930412017,0.317743654017864,0.0312277346293559,0.0996782024697033,NA,0.152109941534023,0.104100570907629,NA,0.15517977765098,NA,0.00876334478874185,0.165386810582677,0.142726653457706,0.199666806193495,0.312603324162555,0.262260571323118,0.341178037625531,0.202161234022508,0.100833046949956,0.254363996369489,0.282609377696181,0.188828370194024,NA,0.257095556077753,0.0786932724094491,0.276926058023272,0.193085435463465,0.255552768770789
NA,NA,NA,NA,NA,NA,NA,NA,NA,NA,NA,NA,NA,NA,NA,NA,NA,NA,NA,NA,0,NA,NA,NA,NA,NA,NA,NA,NA,NA,NA,NA,NA,NA,NA,NA,NA,NA,NA,NA,NA,NA,NA,NA,NA,NA,NA,NA,NA,NA,NA,NA,NA,NA,NA,NA,NA,NA,NA,NA,NA,NA
NA,0.30828747230335,0.208045894577356,0.0449821395152778,0.328647515314401,0.210075221618162,NA,NA,0.214152717899404,0.227605351173443,NA,0.267172933778858,0.285996187087853,0.0766372707353334,0.26666943919842,0.276387811157541,0.322473038877857,0.283490330469135,NA,0.0568012098321575,NA,0,0.0093951485731123,0.255167678989432,0.262398019784387,0.218741903385421,0.366995328338086,NA,0.191635179906973,0.0800428913614172,NA,0.0747895727285473,0.31756343894594,0.310966253125468,0.383006365810457,0.331904585580118,0.088023989246065,0.102279726835743,NA,0.177252118883924,0.0951561602001098,NA,0.211586657525137,NA,0.0650986923162856,0.221784146971804,0.199208956519249,0.203437549551107,0.325144402971501,0.30140893015778,0.375871977291929,0.240548548755661,0.0969453696634292,0.2924049265335,0.334114739825302,0.2397603143751,NA,0.307887352196965,0.12336908922349,0.299950062697064,0.203630807731994,0.266882268381927
NA,0.303319630718221,0.199516653411871,0.0355870073446484,0.323347481700779,0.210006666938129,NA,NA,0.213728641318006,0.218925929632012,NA,0.258036400484632,0.276837268636139,0.0797204791956346,0.263395931738503,0.26725704934413,0.319727370867797,0.276749719790109,NA,0.0474123205635689,NA,0.0093951485731123,0,0.246060192543754,0.259710513796217,0.210107540454586,0.360787943540035,NA,0.182251288924978,0.0846670239052148,NA,0.0653947397121966,0.312393163591937,0.303702641127515,0.375313745951664,0.328631129264837,0.0786322554428014,0.0993405625220162,NA,0.171793942977041,0.0940486267038909,NA,0.202213923377214,NA,0.0557044738134692,0.212412756895614,0.189829443498431,0.201409348965323,0.32211416551945,0.294324758637448,0.369519736154814,0.23346894939134,0.0949800692183621,0.285465609965044,0.325354242891692,0.231024740497325,NA,0.29921033229165,0.115086946273133,0.295236974589886,0.200519245679673,0.263899904974776
NA,0.214015463812373,0.0626762598263615,0.211769162354038,0.215846115989768,0.283401119183313,NA,NA,0.27851102030529,0.0437953447163109,NA,0.0124403817358801,0.0314220689847592,0.268872886613313,0.239988715218154,0.0213782860547993,0.287247642344562,0.140012991871288,NA,0.201130159723284,NA,0.255167678989432,0.246060192543754,0,0.252733216183637,0.0513112632842322,0.211617639130179,NA,0.0768432135111892,0.283652160767541,NA,0.183668562579014,0.213121432297469,0.133482799254461,0.170099704195388,0.279034683359501,0.171909067892022,0.214138504429028,NA,0.162824399094968,0.234027871754933,NA,0.0597266916548935,NA,0.192366847270474,0.0531227507950377,0.0700549740001744,0.241271139477268,0.281269040692644,0.13534747979626,0.213240047879542,0.114120610272311,0.22518067821534,0.136460406121695,0.0864850858586694,0.0347750801928328,NA,0.0663914271613942,0.137938261186752,0.217114776122423,0.218279013732649,0.247630447748445
NA,0.0875318624525904,0.198216864487343,0.252384645330669,0.110874917233914,0.0834245569493904,NA,NA,0.0745308523242768,0.210770095349288,NA,0.261429437309142,0.273837211151427,0.20292764049321,0.0177523359162931,0.265587308080134,0.0600823620394868,0.137754821273449,NA,0.253010986792919,NA,0.262398019784387,0.259710513796217,0.252733216183637,0,0.205915862969692,0.167340238132483,NA,0.265735371193744,0.212478331441781,NA,0.250720448271162,0.0994959956720823,0.172028879398068,0.237998024437189,0.0718647705719446,0.252495479987377,0.160369998017714,NA,0.111358498289577,0.168695428122195,NA,0.270123929628059,NA,0.249666721108262,0.274231089575427,0.267121662867875,0.0609643805311708,0.0635646451366698,0.159514365158628,0.178992465145737,0.140344538209746,0.165636489628357,0.149367681784728,0.267106323503519,0.21798437520865,NA,0.245322599236459,0.19623254764797,0.0749693650102319,0.059988763599626,0.0096895847035325
NA,0.178555690675093,0.0120968692317601,0.17806657252884,0.185106607619726,0.232326916395211,NA,NA,0.227604836829084,0.00924441448674914,NA,0.062806870494279,0.080296973239109,0.222978608148455,0.19447913603787,0.0701685153615494,0.24531639558707,0.110667776937685,NA,0.168780763266399,NA,0.218741903385421,0.210107540454586,0.0513112632842322,0.205915862969692,0,0.193545673757621,NA,0.0760668989969462,0.237946863012736,NA,0.152840867034273,0.180028077335671,0.117609443187453,0.174890442467454,0.239505791417325,0.143065003674802,0.165898495184139,NA,0.111616810114895,0.186142793704973,NA,0.0708459423207659,NA,0.160238547177578,0.0717767509056524,0.0733481373881287,0.190550842547448,0.240380589493201,0.114483175206717,0.197847985222937,0.0736269165928242,0.177227680291552,0.111455172792494,0.115698696977338,0.0219083619718545,NA,0.089176163977314,0.0962022872465965,0.17937923618973,0.167915002999521,0.20163416380978
NA,0.0798921058295811,0.19571523197301,0.33854985584472,0.0566608883844748,0.247096609864117,NA,NA,0.238304271072992,0.190763293727307,NA,0.212478331441781,0.213147247788388,0.332513516793328,0.150133015434452,0.210454932625238,0.150457045023001,0.0874328369080308,NA,0.33334020121649,NA,0.366995328338086,0.360787943540035,0.211617639130179,0.167340238132483,0.193545673757621,0,NA,0.26939355690551,0.345779225886331,NA,0.322379000389145,0.0678529775065522,0.07827711999969,0.0893374882183632,0.130532337919395,0.317048765523322,0.274107262581545,NA,0.191118283475061,0.291059824155017,NA,0.261078128181169,NA,0.326418634206626,0.258809683098573,0.265966114636172,0.210727878671358,0.140028041188226,0.0791027959378973,0.0116532475969217,0.132643481200237,0.284148222699485,0.0829008960111585,0.167967980509818,0.187749022342688,NA,0.161756085861358,0.255638418146771,0.0924821278088468,0.192120221054124,0.157652607798563
NA,NA,NA,NA,NA,NA,NA,NA,NA,NA,NA,NA,NA,NA,NA,NA,NA,NA,NA,NA,NA,NA,NA,NA,NA,NA,NA,0,NA,NA,NA,NA,NA,NA,NA,NA,NA,NA,NA,NA,NA,NA,NA,NA,NA,NA,NA,NA,NA,NA,NA,NA,NA,NA,NA,NA,NA,NA,NA,NA,NA,NA
NA,0.251626511356802,0.0763020035532429,0.146715426142745,0.260014149281015,0.273184056119836,NA,NA,0.270521050867168,0.0787691055993205,NA,0.0861473767023096,0.10269208918718,0.22197408941868,0.257181602045482,0.0949233551254768,0.312046708219875,0.18650469508481,NA,0.135099014066715,NA,0.191635179906973,0.182251288924978,0.0768432135111892,0.265735371193744,0.0760668989969462,0.26939355690551,NA,0,0.235671354153357,NA,0.117033693232695,0.254171084451139,0.192604040709932,0.242460371874312,0.308821675675135,0.104046577998809,0.177661789236971,NA,0.157895240025726,0.194922270908145,NA,0.0203457689176622,NA,0.126595918320586,0.0304841104640355,0.00775710265695104,0.236577157464696,0.308352400069593,0.190290789525884,0.27333828316452,0.146858981784799,0.186881556871919,0.187519422426199,0.163319024649786,0.0838835676046772,NA,0.14235625316751,0.0942314278749998,0.251067133117815,0.217447205494946,0.263243884558435
NA,0.276087342318857,0.225958637576069,0.107905158462853,0.299009551355155,0.144661562756094,NA,NA,0.150701940454127,0.247180926851923,NA,0.296092219277096,0.314999501664141,0.0150313031572352,0.221177352155253,0.30480039499706,0.271118880530439,0.271267808417133,NA,0.118208140187728,NA,0.0800428913614172,0.0846670239052148,0.283652160767541,0.212478331441781,0.237946863012736,0.345779225886331,NA,0.235671354153357,0,NA,0.132070336410125,0.287004232654301,0.304259131338329,0.380172865035517,0.284327795392457,0.144163014819156,0.0759852879116593,NA,0.158437033204904,0.0562732002497724,NA,0.253499585627721,NA,0.1232428182429,0.263142915845277,0.242365235492509,0.151582604923935,0.275858699220489,0.292720240635018,0.356060819740618,0.234751583748095,0.064529739513688,0.282243368992417,0.351227759988086,0.259837146791874,NA,0.323993815984411,0.146441483311512,0.265644163499715,0.160372917923728,0.219063313466384
NA,NA,NA,NA,NA,NA,NA,NA,NA,NA,NA,NA,NA,NA,NA,NA,NA,NA,NA,NA,NA,NA,NA,NA,NA,NA,NA,NA,NA,NA,0,NA,NA,NA,NA,NA,NA,NA,NA,NA,NA,NA,NA,NA,NA,NA,NA,NA,NA,NA,NA,NA,NA,NA,NA,NA,NA,NA,NA,NA,NA,NA
NA,0.27575980223558,0.143529034827516,0.0298123409297107,0.292747834455003,0.221436024665954,NA,NA,0.222604482703469,0.161065623243704,NA,0.19530626708604,0.213827211510279,0.121186240346444,0.249951646489259,0.204550296821343,0.308537995297387,0.235415891318356,NA,0.0180660980988443,NA,0.0747895727285473,0.0653947397121966,0.183668562579014,0.250720448271162,0.152840867034273,0.322379000389145,NA,0.117033693232695,0.132070336410125,NA,0,0.283040684028705,0.257437748433997,0.324651484499575,0.313360005365038,0.0133131528121148,0.103655417708489,NA,0.145967462940933,0.111288041182434,NA,0.137123655519238,NA,0.00979771732894755,0.147330928398362,0.124664209422428,0.199919933287804,0.308784902953402,0.249736107878329,0.329840078546902,0.190314780916473,0.106743476002307,0.242268612116535,0.265841520437327,0.172447564143522,NA,0.240595264393377,0.0667413996272304,0.269863340132576,0.191218713478563,0.252595606710016
NA,0.0121355174747371,0.177918587910013,0.294641991425657,0.0122411709854634,0.179787966479423,NA,NA,0.170941389437324,0.180537819974548,NA,0.217823739597402,0.224293049725976,0.27461459842484,0.082294282112021,0.218699619679784,0.0909028009795719,0.0732714868709217,NA,0.291299041259304,NA,0.31756343894594,0.312393163591937,0.213121432297469,0.0994959956720823,0.180028077335671,0.0678529775065522,NA,0.254171084451139,0.287004232654301,NA,0.283040684028705,0,0.0936094479098417,0.144405613272673,0.0745936548231592,0.280074892380058,0.219322878003975,NA,0.140744357278111,0.234331813273153,NA,0.25087401923669,NA,0.285413933592738,0.251281995915477,0.252612754065422,0.145185816177964,0.0814434691481932,0.0846283000111713,0.0795028480868189,0.107313344444493,0.228321733345943,0.0791087154766272,0.196672327064987,0.182122775501442,NA,0.181488519157265,0.217688262349002,0.0246823566471993,0.128675211714065,0.0898105984613842
NA,0.0996887719892376,0.12146124182274,0.277300351673629,0.0916275361646365,0.236555878468503,NA,NA,0.22872182491164,0.113853584233951,NA,0.13490043266926,0.137213268513486,0.289818367390255,0.154795312534031,0.133552942611511,0.182333489979858,0.0366341456795808,NA,0.270469116143039,NA,0.310966253125468,0.303702641127515,0.133482799254461,0.172028879398068,0.117609443187453,0.07827711999969,NA,0.192604040709932,0.304259131338329,NA,0.257437748433997,0.0936094479098417,0,0.0763142766759784,0.167798533134259,0.250357853047272,0.228730014094321,NA,0.146130981434634,0.247989949854956,NA,0.183301061752122,NA,0.262797906566041,0.180710869708261,0.188751478605815,0.193927566423777,0.173661839018474,0.0130287268926765,0.0809590598800877,0.070804619718694,0.239912605763965,0.0241985767274349,0.103066461704603,0.109890719282108,NA,0.0894029839590547,0.19179089277133,0.108197687668565,0.170736499670851,0.163515310431952
NA,0.154531905685445,0.182271200394846,0.346889953706025,0.136620736511939,0.309013808278065,NA,NA,0.300820706132494,0.168328619963977,NA,0.165887204291604,0.159109473072419,0.365632950378175,0.22026083670333,0.16045538331544,0.234331813273153,0.111776119044542,NA,0.339061930412017,NA,0.383006365810457,0.375313745951664,0.170099704195388,0.237998024437189,0.174890442467454,0.0893374882183632,NA,0.242460371874312,0.380172865035517,NA,0.324651484499575,0.144405613272673,0.0763142766759784,0,0.215906310120426,0.316156901871123,0.304433763236726,NA,0.222330320678201,0.323904556161894,NA,0.228447317651616,NA,0.330960438163225,0.222969682693304,0.236927243826137,0.267505736361256,0.224326973226318,0.0886336543716107,0.0815956920117744,0.145653539378929,0.315718182888823,0.0997075594797084,0.0985822852256069,0.15986698072796,NA,0.10565768736161,0.261192445117826,0.165992321002336,0.245022735774754,0.228742297318629
NA,0.0683788841891972,0.234769037119401,0.318375258103191,0.0798100057982339,0.151006919808423,NA,NA,0.142490234005854,0.241930126404788,NA,0.285251461190148,0.29376339712394,0.274623550517204,0.0652423982137179,0.287247642344562,0.0213782860547993,0.143090368142071,NA,0.317743654017864,NA,0.331904585580118,0.328631129264837,0.279034683359501,0.0718647705719446,0.239505791417325,0.130532337919395,NA,0.308821675675135,0.284327795392457,NA,0.313360005365038,0.0745936548231592,0.167798533134259,0.215906310120426,0,0.313399229602709,0.229628531431327,NA,0.168100351240236,0.23944126279706,NA,0.309065705268415,NA,0.31349894912922,0.311129595318039,0.308641561265554,0.132761693146369,0.011171116520534,0.158026417668139,0.141308831162165,0.166366391457149,0.235797492365229,0.151148723107491,0.270690202382873,0.245896950206581,NA,0.254218520282608,0.253491273000007,0.0623598008809899,0.12829891831354,0.065609207868304
NA,0.273256896404799,0.134274158660076,0.0430757266829785,0.289435184961363,0.227431951268438,NA,NA,0.228126812753363,0.151028625115284,NA,0.183394282678431,0.20177984004391,0.132818115457946,0.250791877469187,0.192631390389646,0.309471867550574,0.229769196477667,NA,0.0312277346293559,NA,0.088023989246065,0.0786322554428014,0.171909067892022,0.252495479987377,0.143065003674802,0.317048765523322,NA,0.104046577998809,0.144163014819156,NA,0.0133131528121148,0.280074892380058,0.250357853047272,0.316156901871123,0.313399229602709,0,0.110731228385986,NA,0.145371958631269,0.120143289232252,NA,0.124212641911351,NA,0.0231097698240274,0.134417937510612,0.11171116520534,0.203725644184329,0.30926412143061,0.243144062368307,0.324169011736816,0.184534003186976,0.1149240777022,0.236088247047665,0.254908333020291,0.162100214294551,NA,0.229999375164649,0.0624217206913092,0.267904553744031,0.193555956048274,0.253870144270004
NA,0.209280732339184,0.153802166237475,0.0959708000432045,0.230905121014812,0.118208140187728,NA,NA,0.120036057584325,0.175016908732309,NA,0.226476654033836,0.245028469088906,0.0612536533375128,0.16439854465225,0.234775519469708,0.220392607892712,0.1964710326571,NA,0.0996782024697033,NA,0.102279726835743,0.0993405625220162,0.214138504429028,0.160369998017714,0.165898495184139,0.274107262581545,NA,0.177661789236971,0.0759852879116593,NA,0.103655417708489,0.219322878003975,0.228730014094321,0.304433763236726,0.229628531431327,0.110731228385986,0,NA,0.0838333111690356,0.0204662440005482,NA,0.192872507309896,NA,0.0990939614234504,0.201655064076738,0.183265931983762,0.102673847814087,0.222894589716863,0.217414900800339,0.283926895661174,0.158877537625042,0.011623070815329,0.207123837027567,0.276920139616489,0.18754688938481,NA,0.249671878896416,0.0834526176824239,0.200079730417921,0.101351841345773,0.164644034168062
NA,NA,NA,NA,NA,NA,NA,NA,NA,NA,NA,NA,NA,NA,NA,NA,NA,NA,NA,NA,NA,NA,NA,NA,NA,NA,NA,NA,NA,NA,NA,NA,NA,NA,NA,NA,NA,NA,0,NA,NA,NA,NA,NA,NA,NA,NA,NA,NA,NA,NA,NA,NA,NA,NA,NA,NA,NA,NA,NA,NA,NA
NA,0.132096925790322,0.100949080414066,0.154519784228745,0.151573337028706,0.120803093799542,NA,NA,0.116412868340352,0.119140344910528,NA,0.173905696071474,0.190263103392983,0.144233645758129,0.106770890409622,0.180495666650644,0.165223218639755,0.112859057403016,NA,0.152109941534023,NA,0.177252118883924,0.171793942977041,0.162824399094968,0.111358498289577,0.111616810114895,0.191118283475061,NA,0.157895240025726,0.158437033204904,NA,0.145967462940933,0.140744357278111,0.146130981434634,0.222330320678201,0.168100351240236,0.145371958631269,0.0838333111690356,NA,0,0.102291172001877,NA,0.165349998807102,NA,0.146984079727244,0.17112072328726,0.160366348060432,0.0801218305849399,0.164330169304706,0.134374384407855,0.200640060281985,0.0784250397506255,0.0945650266139644,0.123820896749207,0.207336245135627,0.129873286090406,NA,0.180780820299855,0.0858328921548139,0.124953105711537,0.0595971878509759,0.110959353165987
NA,0.223875631671476,0.174050366579495,0.0981741245264326,0.246128693501521,0.116553570456487,NA,NA,0.119853543603101,0.19528468734276,NA,0.246396330437065,0.265022942051917,0.0419438771409649,0.174586951991073,0.254770519890906,0.228694184255141,0.21515022453831,NA,0.104100570907629,NA,0.0951561602001098,0.0940486267038909,0.234027871754933,0.168695428122195,0.186142793704973,0.291059824155017,NA,0.194922270908145,0.0562732002497724,NA,0.111288041182434,0.234331813273153,0.247989949854956,0.323904556161894,0.23944126279706,0.120143289232252,0.0204662440005482,NA,0.102291172001877,0,NA,0.210836736050975,NA,0.105214671583679,0.219851737609564,0.200822603259593,0.108754554707699,0.232028421286368,0.236480644344458,0.301118266390782,0.178536676241835,0.00892220989410173,0.226041517120212,0.297386220990986,0.207839844391053,NA,0.27013779756091,0.10118884690745,0.214102966624938,0.11171116520534,0.173905022904204
NA,NA,NA,NA,NA,NA,NA,NA,NA,NA,NA,NA,NA,NA,NA,NA,NA,NA,NA,NA,NA,NA,NA,NA,NA,NA,NA,NA,NA,NA,NA,NA,NA,NA,NA,NA,NA,NA,NA,NA,NA,0,NA,NA,NA,NA,NA,NA,NA,NA,NA,NA,NA,NA,NA,NA,NA,NA,NA,NA,NA,NA
NA,0.24928756630996,0.0742995971301978,0.166728388778056,0.255856762913408,0.283325102228102,NA,NA,0.280120449153691,0.0711740146892968,NA,0.0678063781447704,0.0834245569493904,0.239553199096351,0.260414999426496,0.0762313947517138,0.313664704665544,0.180907051473386,NA,0.15517977765098,NA,0.211586657525137,0.202213923377214,0.0597266916548935,0.270123929628059,0.0708459423207659,0.261078128181169,NA,0.0203457689176622,0.253499585627721,NA,0.137123655519238,0.25087401923669,0.183301061752122,0.228447317651616,0.309065705268415,0.124212641911351,0.192872507309896,NA,0.165349998807102,0.210836736050975,NA,0,NA,0.146627628505307,0.010207349439974,0.0125900458462947,0.245110631854954,0.309331871833595,0.182258996848781,0.264258537975022,0.14420767058422,0.202563294360496,0.180612374831519,0.145614954807454,0.0734103570023258,NA,0.126062146955566,0.109651830768372,0.249746889226753,0.22483521152037,0.266939286542252
NA,NA,NA,NA,NA,NA,NA,NA,NA,NA,NA,NA,NA,NA,NA,NA,NA,NA,NA,NA,NA,NA,NA,NA,NA,NA,NA,NA,NA,NA,NA,NA,NA,NA,NA,NA,NA,NA,NA,NA,NA,NA,NA,0,NA,NA,NA,NA,NA,NA,NA,NA,NA,NA,NA,NA,NA,NA,NA,NA,NA,NA
NA,0.277806913023983,0.150599366081172,0.0201259332887229,0.295360266598955,0.217261387904536,NA,NA,0.218788459530228,0.168623241135164,NA,0.204101681490624,0.222707009328814,0.112759433742073,0.249591686684827,0.213345428588938,0.308023063687969,0.239788144061398,NA,0.00876334478874185,NA,0.0650986923162856,0.0557044738134692,0.192366847270474,0.249666721108262,0.160238547177578,0.326418634206626,NA,0.126595918320586,0.1232428182429,NA,0.00979771732894755,0.285413933592738,0.262797906566041,0.330960438163225,0.31349894912922,0.0231097698240274,0.0990939614234504,NA,0.146984079727244,0.105214671583679,NA,0.146627628505307,NA,0,0.156832912168731,0.134200902982487,0.197457074560102,0.308605146425613,0.254759491619972,0.334118944368674,0.194872415975746,0.101254769870967,0.247009894415876,0.273915861192778,0.180197068997211,NA,0.248447902209743,0.0711888163978252,0.271523169693671,0.189884321668331,0.251909684820031
NA,0.250186184897671,0.0767837756679436,0.176932168949996,0.255810546136202,0.289973436433426,NA,NA,0.286540898602943,0.0707798145774896,NA,0.0600082753137863,0.0746642444918032,0.249120799744749,0.264002357911299,0.0680407763688023,0.316388983871976,0.180352920756351,NA,0.165386810582677,NA,0.221784146971804,0.212412756895614,0.0531227507950377,0.274231089575427,0.0717767509056524,0.258809683098573,NA,0.0304841104640355,0.263142915845277,NA,0.147330928398362,0.251281995915477,0.180710869708261,0.222969682693304,0.311129595318039,0.134417937510612,0.201655064076738,NA,0.17112072328726,0.219851737609564,NA,0.010207349439974,NA,0.156832912168731,0,0.0227472611771975,0.251124945089587,0.31175394620251,0.180382127970045,0.261563294433075,0.145395310327634,0.211503648724577,0.179357698267635,0.137904309242065,0.0712364898707188,NA,0.119422998645958,0.118686501532956,0.251155244436086,0.230391472283634,0.270729987380371
NA,0.250428450732105,0.0747817458672703,0.15431357378592,0.258135738507064,0.276817392825447,NA,NA,0.273940221026677,0.075212570210317,NA,0.0789917224509466,0.0952582175551952,0.2285631015831,0.258116236797527,0.0876668384193544,0.312393538335496,0.184015608962024,NA,0.142726653457706,NA,0.199208956519249,0.189829443498431,0.0700549740001744,0.267121662867875,0.0733481373881287,0.265966114636172,NA,0.00775710265695104,0.242365235492509,NA,0.124664209422428,0.252612754065422,0.188751478605815,0.236927243826137,0.308641561265554,0.11171116520534,0.183265931983762,NA,0.160366348060432,0.200822603259593,NA,0.0125900458462947,NA,0.134200902982487,0.0227472611771975,0,0.23955759727136,0.308452992121405,0.186903480482852,0.26962941919316,0.145404972001569,0.19268304030401,0.184544787581987,0.156438291888435,0.0793436594589856,NA,0.135948144903361,0.0998260739056964,0.250254959847203,0.219963530696193,0.264360851923513
NA,0.133263363302607,0.180410032667455,0.197551911812079,0.157405139242146,0.043947444771951,NA,NA,0.0376459546035527,0.197487901662444,NA,0.251826951125354,0.267194403288741,0.141974167623016,0.0703268323850574,0.257781757222199,0.12039053195662,0.157295028244931,NA,0.199666806193495,NA,0.203437549551107,0.201409348965323,0.241271139477268,0.0609643805311708,0.190550842547448,0.210727878671358,NA,0.236577157464696,0.151582604923935,NA,0.199919933287804,0.145185816177964,0.193927566423777,0.267505736361256,0.132761693146369,0.203725644184329,0.102673847814087,NA,0.0801218305849399,0.108754554707699,NA,0.245110631854954,NA,0.197457074560102,0.251124945089587,0.23955759727136,0,0.124495063549919,0.180910934112751,0.222058456132672,0.141229277504181,0.106522807772775,0.169734551366008,0.275188646873569,0.207361651740614,NA,0.250196946851626,0.154112404869346,0.121352280710286,0.024251733924593,0.0675503735581514
NA,0.0739822211105483,0.235126296777022,0.312863113555052,0.0877749364945623,0.140908121340535,NA,NA,0.132488057505069,0.243213384654421,NA,0.287895728731617,0.297031720733993,0.266469180839162,0.0591535668533082,0.290229683923171,0.0105679844788164,0.147291988437589,NA,0.312603324162555,NA,0.325144402971501,0.32211416551945,0.281269040692644,0.0635646451366698,0.240380589493201,0.140028041188226,NA,0.308352400069593,0.275858699220489,NA,0.308784902953402,0.0814434691481932,0.173661839018474,0.224326973226318,0.011171116520534,0.30926412143061,0.222894589716863,NA,0.164330169304706,0.232028421286368,NA,0.309331871833595,NA,0.308605146425613,0.31175394620251,0.308452992121405,0.124495063549919,0,0.163404301818665,0.150976682216581,0.167822949681326,0.228682410368399,0.155979641864127,0.276184426527158,0.247719781462537,NA,0.258909628740783,0.250056537159448,0.0663879004860226,0.121595139710668,0.0582662379846088
NA,0.0896618772370155,0.117098693900429,0.268724809659215,0.0840285840205073,0.223527624287019,NA,NA,0.215697999502917,0.111691252434917,NA,0.137925530186908,0.14192963395099,0.278370593653233,0.142389143573468,0.13742810128872,0.171792580090102,0.0236307316797962,NA,0.262260571323118,NA,0.30140893015778,0.294324758637448,0.13534747979626,0.159514365158628,0.114483175206717,0.0791027959378973,NA,0.190290789525884,0.292720240635018,NA,0.249736107878329,0.0846283000111713,0.0130287268926765,0.0886336543716107,0.158026417668139,0.243144062368307,0.217414900800339,NA,0.134374384407855,0.236480644344458,NA,0.182258996848781,NA,0.254759491619972,0.180382127970045,0.186903480482852,0.180910934112751,0.163404301818665,0,0.0835647663877291,0.0608625217153838,0.228504704632005,0.0112233915674822,0.112780195928539,0.10915425466934,NA,0.0968922224346006,0.183593335865835,0.097407969178277,0.157753564389034,0.151112316380186
