"Abraham Lincoln","Adolf Hitler","Albert Einstein","Alexander the Great","Andrew Jackson","Barack Obama","Benito Mussolini","Benjamin Franklin","Bill Clinton","Bill Gates","Charlemagne","Christopher Columbus","Cleopatra","Constantine the Great","Dwight D. Eisenhower","Elizabeth I of England","Elizabeth II","Fidel Castro","Franklin D. Roosevelt","Gautama Buddha","Genghis Khan","George H. W. Bush","George W. Bush","George Washington","Harry Truman","Henry Ford","Henry VIII of England","Hillary Clinton","Jesus Christ","Joan of Arc","John Adams","John F. Kennedy","Joseph Stalin","Julius Caesar","Karl Marx","Lyndon B. Johnson","Mahatma Gandhi","Malcolm X","Mao Zedong","Margaret Thatcher","Martin Luther King Jr.","Mikhail Gorbachev","Mother Teresa","Napoleon Bonaparte","Nelson Mandela","Pope Francis","Pope John Paul II","Prophet Muhammad","Queen Victoria","Richard Nixon","Robert E. Lee","Ronald Reagan","Rosa Parks","Saddam Hussein","Theodore Roosevelt","Thomas Edison","Thomas Jefferson","Ulysses S. Grant","Vladimir Lenin","Vladimir Putin","Winston Churchill","Woodrow Wilson"
0,0.257896495863207,NA,NA,NA,NA,0.454215177326857,0.106793739403302,0.0539991928856195,0.0777544316035229,0.730868152152637,0.177840441949213,0.545093452869854,0.554909571788313,0.120850435662357,0.200000203738915,NA,0.306552805023637,NA,0.321756953873162,0.347426512360121,0.150563028757855,NA,0.0942022116956099,0.0809258117636158,NA,0.560846321045868,0.0418198007470135,0.426394439247816,0.433846357940806,0.109247570690571,0.0145703828790638,0.272645944036947,0.546533178453087,0.441895951936038,NA,0.207106676758229,0.611596743102793,0.556856861026708,0.213481570728861,0.612386741818916,0.423840978246177,0.316694524071347,0.366213641662829,NA,0.326880602414656,0.313354759009738,0.211871211967969,0.216812087524561,0.0284688218137201,0.655688359224566,NA,0.608619675556648,0.29566792705281,0.0674620055624921,0.136102724289453,NA,0.649216637269217,0.444387393857658,0.284119418528212,0.376441535203588,0.125563291630329
0.257896495863207,0,NA,NA,NA,NA,0.312755364018005,0.36451956472012,0.311541997251373,0.18097588141149,0.647638701287739,0.261131804973514,0.468269319959349,0.466098849843433,0.378570102892583,0.200997058311408,NA,0.0491148651494449,NA,0.460053238353849,0.148556421875108,0.389947937548929,NA,0.351783295929234,0.338393093039997,NA,0.459065930484514,0.298825658877981,0.533457548734719,0.548497948204954,0.34252699703281,0.270704359333529,0.0153467359835159,0.464324279808536,0.315571208063095,NA,0.383216759172854,0.673325020730069,0.460648057199314,0.202481629201595,0.679152130419602,0.300978524654007,0.448898778796375,0.167859163514942,NA,0.471392419155408,0.440616512056815,0.396760573417337,0.191974870882828,0.284802700183906,0.629222003663428,NA,0.666443229389755,0.0381991996023473,0.32496587975946,0.37597362726995,NA,0.618791264521643,0.309147110891628,0.0264507048944891,0.172767419270751,0.359666533048589
NA,NA,0,NA,NA,NA,NA,NA,NA,NA,NA,NA,NA,NA,NA,NA,NA,NA,NA,NA,NA,NA,NA,NA,NA,NA,NA,NA,NA,NA,NA,NA,NA,NA,NA,NA,NA,NA,NA,NA,NA,NA,NA,NA,NA,NA,NA,NA,NA,NA,NA,NA,NA,NA,NA,NA,NA,NA,NA,NA,NA,NA
NA,NA,NA,0,NA,NA,NA,NA,NA,NA,NA,NA,NA,NA,NA,NA,NA,NA,NA,NA,NA,NA,NA,NA,NA,NA,NA,NA,NA,NA,NA,NA,NA,NA,NA,NA,NA,NA,NA,NA,NA,NA,NA,NA,NA,NA,NA,NA,NA,NA,NA,NA,NA,NA,NA,NA,NA,NA,NA,NA,NA,NA
NA,NA,NA,NA,0,NA,NA,NA,NA,NA,NA,NA,NA,NA,NA,NA,NA,NA,NA,NA,NA,NA,NA,NA,NA,NA,NA,NA,NA,NA,NA,NA,NA,NA,NA,NA,NA,NA,NA,NA,NA,NA,NA,NA,NA,NA,NA,NA,NA,NA,NA,NA,NA,NA,NA,NA,NA,NA,NA,NA,NA,NA
NA,NA,NA,NA,NA,0,NA,NA,NA,NA,NA,NA,NA,NA,NA,NA,NA,NA,NA,NA,NA,NA,NA,NA,NA,NA,NA,NA,NA,NA,NA,NA,NA,NA,NA,NA,NA,NA,NA,NA,NA,NA,NA,NA,NA,NA,NA,NA,NA,NA,NA,NA,NA,NA,NA,NA,NA,NA,NA,NA,NA,NA
0.454215177326857,0.312755364018005,NA,NA,NA,NA,0,0.534498415700936,0.491411163347145,0.407103846655971,0.339093788398142,0.311474631091475,0.176100890057048,0.165408925968101,0.545862873914011,0.258086816372751,NA,0.296500542178923,NA,0.420076265202764,0.168197458804348,0.508272638862289,NA,0.522862861578128,0.51150321147051,NA,0.151630960670934,0.479746852032855,0.426404473311708,0.445878592515868,0.47078391140652,0.459187962594588,0.304996985315625,0.168581006302455,0.0262419107996757,NA,0.425831675867341,0.477637072897774,0.155995475465435,0.244739946713082,0.487996262009292,0.037926210862362,0.40664717138129,0.152611343474283,NA,0.434138827007574,0.396422028389082,0.442360452796909,0.239009557197744,0.468362419836492,0.354802247481866,NA,0.467701183638648,0.299081905413461,0.501377009521761,0.499865921748871,NA,0.342412774167705,0.0127827498141228,0.303404986376011,0.153392997769474,0.481611820243174
0.106793739403302,0.36451956472012,NA,NA,NA,NA,0.534498415700936,0,0.052982225287704,0.184479174013523,0.781830821288439,0.230202809842356,0.601218751446673,0.614506675199982,0.0140579816443506,0.276615664371038,NA,0.413018353725047,NA,0.305402861312849,0.445428738268636,0.0826249782498552,NA,0.0129096288523694,0.0262962017918307,NA,0.624353038255591,0.0657985876932152,0.414974069349548,0.417710540224995,0.0783703799321103,0.0938381605645572,0.379173997842122,0.604375909045103,0.518878991877198,NA,0.189845812086534,0.609422560103678,0.618762618828159,0.289844349392296,0.607869024703439,0.501044497667395,0.30482993872385,0.463271755499104,NA,0.305914777071066,0.304976944555668,0.185805211657846,0.296347269112032,0.0798563164565842,0.688388126687497,NA,0.60836621257325,0.40215879968162,0.039597670210775,0.0741162021146839,NA,0.683711080326076,0.523587128533891,0.390664640508165,0.473998338655833,0.0805042742805141
0.0539991928856195,0.311541997251373,NA,NA,NA,NA,0.491411163347145,0.052982225287704,0,0.131753451003825,0.752357088010722,0.196174063520674,0.568934346659547,0.580691609007791,0.0670287463349285,0.233594962188651,NA,0.360037943260735,NA,0.305900790766655,0.395091247519659,0.106419157488214,NA,0.040260993913746,0.0269315967915417,NA,0.588808418010873,0.0130196337646058,0.414117427807799,0.419286419790353,0.0755132283037332,0.0408587508046663,0.326191772554418,0.571323272312469,0.477147562183849,NA,0.188145793209816,0.604994519900722,0.583920679180759,0.247073890055515,0.604605434955101,0.459165333634722,0.302993744488602,0.413307322271686,NA,0.308830611686912,0.301351277915414,0.188784689586785,0.252403568046201,0.0269995964428097,0.66725714645093,NA,0.602977659558858,0.349177266234875,0.0134657983957709,0.0929437162103859,NA,0.661715761432605,0.480928979501515,0.337682497046606,0.423862128379384,0.087933515958683
0.0777544316035229,0.18097588141149,NA,NA,NA,NA,0.407103846655971,0.184479174013523,0.131753451003825,0,0.705811312361947,0.178630316901171,0.518528627756031,0.525124236995852,0.198527864851317,0.170832013993863,NA,0.229910560668986,NA,0.357699480784205,0.282664303437939,0.221835800808833,NA,0.17194113531572,0.158679835947265,NA,0.52749643571384,0.119437844065504,0.454648719975964,0.464911443084777,0.176404904134205,0.0914097621994757,0.195931929035591,0.518445715515867,0.398356933796191,NA,0.252655287516364,0.628928576861281,0.525000455987129,0.182893061792667,0.631338976745534,0.380527785062797,0.350159636773759,0.302323272465813,NA,0.365327991346442,0.344828915425793,0.261458510793205,0.181976186858539,0.105683361946693,0.646376604955376,NA,0.62465709466027,0.21899158111866,0.145216401853918,0.207287605795989,NA,0.63859694389618,0.398576284770365,0.207342639818011,0.311783218674456,0.193753823354985
0.730868152152637,0.647638701287739,NA,NA,NA,NA,0.339093788398142,0.781830821288439,0.752357088010722,0.705811312361947,0,0.556364543903403,0.187289453337368,0.183154659756654,0.789539959518554,0.536012596883444,NA,0.635146117967461,NA,0.543290774460365,0.506947317714651,0.727502142897235,NA,0.772925440711833,0.764836091844564,NA,0.188712368417929,0.743463411964676,0.475751384976861,0.491015890672589,0.705494004436255,0.730886271524792,0.641352305026811,0.18793342919053,0.33245201569238,NA,0.616024951332881,0.377389107454334,0.187113141947397,0.523377350010925,0.390745988996861,0.346660385179096,0.533951526715532,0.491704612457869,NA,0.553697363454515,0.526842129460313,0.628850500982432,0.523837662851909,0.73569183904011,0.157205416382628,NA,0.366814551371502,0.637198009218305,0.758502729004704,0.724775761070404,NA,0.149650928456589,0.340331051360875,0.640762754383158,0.492163914824424,0.709633493117725
0.177840441949213,0.261131804973514,NA,NA,NA,NA,0.311474631091475,0.230202809842356,0.196174063520674,0.178630316901171,0.556364543903403,0,0.372825573102035,0.385043953787333,0.239945398523266,0.0716079857053322,NA,0.295904875817231,NA,0.199515737294239,0.264215730499859,0.196842796495162,NA,0.219923669826448,0.210482896135597,NA,0.394238430584369,0.187098986301227,0.283218760901347,0.295818108471671,0.160406360977941,0.175850812403318,0.26989029971877,0.37538792218535,0.293272627641655,NA,0.133206751316589,0.450685263773449,0.388837659704265,0.0799175246795127,0.453439417415652,0.27591949280282,0.188935719088661,0.276899087791293,NA,0.210464504092559,0.181279587164793,0.149236480341407,0.0911486132370835,0.179601715915395,0.477963703206263,NA,0.446219794896552,0.287520297890463,0.203008198493276,0.188461728447278,NA,0.471398037810583,0.299751471279274,0.279532459368253,0.288406816284391,0.170317215721961
0.545093452869854,0.468269319959349,NA,NA,NA,NA,0.176100890057048,0.601218751446673,0.568934346659547,0.518528627756031,0.187289453337368,0.372825573102035,0,0.0251881580014486,0.609776496762899,0.348928613919132,NA,0.461220022528614,NA,0.392965585842839,0.335313904768571,0.552607125639144,NA,0.591672374201218,0.582872992567092,NA,0.0523477773967517,0.559519904409117,0.3533360734203,0.371812128143313,0.526571744614597,0.545709449839824,0.463450712594397,0.0111481299447401,0.161049036032231,NA,0.44633164516598,0.336739963583199,0.0404226041727222,0.336207112360094,0.348957223790161,0.171346454638416,0.381547982957934,0.322930049085379,NA,0.405350464098621,0.372864917064505,0.460632576865999,0.336552956249981,0.5511451916518,0.179683373683859,NA,0.32582430142099,0.461917002286789,0.5757883989888,0.548424767868637,NA,0.167026895435056,0.172735576111229,0.464136441383251,0.325772397110944,0.532290264663272
0.554909571788313,0.466098849843433,NA,NA,NA,NA,0.165408925968101,0.614506675199982,0.580691609007791,0.525124236995852,0.183154659756654,0.385043953787333,0.0251881580014486,0,0.623446842021432,0.356941704263042,NA,0.45644171372241,NA,0.4144066132434,0.329230656419972,0.56828221930807,NA,0.604656653514092,0.595492935660883,NA,0.0275005315684834,0.570931581366169,0.377513795578003,0.396102740120765,0.540794980975696,0.556134890996496,0.460501636665146,0.0146956918712567,0.153585468323215,NA,0.463872988432984,0.361016720592537,0.0157010895273212,0.343930257138895,0.373333446845055,0.165979464389598,0.402750089396017,0.315680944348372,NA,0.42699988287152,0.393876510500147,0.478497940477239,0.34342576776677,0.562109443860581,0.19600782308955,NA,0.350058380912534,0.45772588112347,0.58798466210489,0.563604753925856,NA,0.183064534166463,0.163758799967171,0.460565784320365,0.31768114177821,0.547140479539063
0.120850435662357,0.378570102892583,NA,NA,NA,NA,0.545862873914011,0.0140579816443506,0.0670287463349285,0.198527864851317,0.789539959518554,0.239945398523266,0.609776496762899,0.623446842021432,0,0.288247825873828,NA,0.427057135915938,NA,0.30617507204683,0.458689423418823,0.0804536426564612,NA,0.026840662609164,0.0402609939137461,NA,0.633730564185074,0.0798154848975008,0.415698596693656,0.417781258232598,0.0843092336359036,0.10787947076653,0.393217997376509,0.613128206477202,0.529908767810093,NA,0.192131876064188,0.610730000309397,0.627963448519741,0.301391840273537,0.608870690707296,0.512124204741644,0.306222979479889,0.476430100302215,NA,0.306039293593726,0.306839783567606,0.186903964929414,0.308156310399775,0.093870722532074,0.693988391969222,NA,0.609928502786383,0.416199679630893,0.0536243648600326,0.0742068608089811,NA,0.689540243492876,0.534848984462708,0.404709614076456,0.487199018513556,0.083605491718921
0.200000203738915,0.200997058311408,NA,NA,NA,NA,0.258086816372751,0.276615664371038,0.233594962188651,0.170832013993863,0.536012596883444,0.0716079857053322,0.348928613919132,0.356941704263042,0.288247825873828,0,NA,0.230590132138157,NA,0.261848619172804,0.192911816935005,0.258433927961622,NA,0.264858823535131,0.253421005291789,NA,0.361524276889713,0.22218727823312,0.332704408881432,0.347540846100023,0.216739718298041,0.203190771587214,0.207640160209658,0.349440318008552,0.243578390030213,NA,0.204812680247557,0.48246432883524,0.358013751732636,0.013541237632514,0.486974820101384,0.225582550664811,0.250037077751842,0.206199650251542,NA,0.273973592128105,0.241275656187092,0.220800157900636,0.0209099003735067,0.211337804541248,0.477212887753088,NA,0.476624635306216,0.223087751786118,0.243337375705158,0.248130427288932,NA,0.469014904718957,0.247423276663342,0.216288039498688,0.217697360029063,0.229547832466398
NA,NA,NA,NA,NA,NA,NA,NA,NA,NA,NA,NA,NA,NA,NA,NA,0,NA,NA,NA,NA,NA,NA,NA,NA,NA,NA,NA,NA,NA,NA,NA,NA,NA,NA,NA,NA,NA,NA,NA,NA,NA,NA,NA,NA,NA,NA,NA,NA,NA,NA,NA,NA,NA,NA,NA,NA,NA,NA,NA,NA,NA
0.306552805023637,0.0491148651494449,NA,NA,NA,NA,0.296500542178923,0.413018353725047,0.360037943260735,0.229910560668986,0.635146117967461,0.295904875817231,0.461220022528614,0.45644171372241,0.427057135915938,0.230590132138157,NA,0,NA,0.492343543192487,0.12830476488473,0.435976449974583,NA,0.400241256111735,0.386834605289472,NA,0.446667027923168,0.34725758136588,0.559221600904094,0.5751532533263,0.388531016718979,0.319180245131247,0.0339822417840615,0.456204186423362,0.303265952266624,NA,0.422540621316954,0.688709470032489,0.449480255904779,0.229554045349413,0.695343394819179,0.290529594772531,0.480616234154769,0.144852568343929,NA,0.504288650328748,0.471861562309644,0.436742643201976,0.218119034378664,0.333213513255198,0.628740011908946,NA,0.681239255485794,0.0109266218394162,0.373433847544656,0.422186073083624,NA,0.617718285758191,0.294817066446578,0.0226678142875209,0.146796009840893,0.405502730681507
NA,NA,NA,NA,NA,NA,NA,NA,NA,NA,NA,NA,NA,NA,NA,NA,NA,NA,0,NA,NA,NA,NA,NA,NA,NA,NA,NA,NA,NA,NA,NA,NA,NA,NA,NA,NA,NA,NA,NA,NA,NA,NA,NA,NA,NA,NA,NA,NA,NA,NA,NA,NA,NA,NA,NA,NA,NA,NA,NA,NA,NA
0.321756953873162,0.460053238353849,NA,NA,NA,NA,0.420076265202764,0.305402861312849,0.305900790766655,0.357699480784205,0.543290774460365,0.199515737294239,0.392965585842839,0.4144066132434,0.30617507204683,0.261848619172804,NA,0.492343543192487,NA,0,0.438035258790362,0.226897344846442,NA,0.302767727109106,0.301945646389802,NA,0.434677712080972,0.304860013865459,0.109575306690384,0.113391190034365,0.232461856707828,0.311857704639815,0.468116143436851,0.40058318528705,0.395137140005755,NA,0.117794066546962,0.304773790518941,0.424963840778323,0.264149406837111,0.302703119718428,0.382519657380587,0.013541237632514,0.445516093065832,NA,0.0141013929107624,0.0238332621243028,0.119615117401008,0.276014729997023,0.306488330770157,0.418198007470135,NA,0.30437310006497,0.484602702877189,0.303631200399884,0.231995121734062,NA,0.416990485875373,0.407321488394799,0.477309792223065,0.456491257405824,0.225511189078334
0.347426512360121,0.148556421875108,NA,NA,NA,NA,0.168197458804348,0.445428738268636,0.395091247519659,0.282664303437939,0.506947317714651,0.264215730499859,0.335313904768571,0.329230656419972,0.458689423418823,0.192911816935005,NA,0.12830476488473,NA,0.438035258790362,0,0.444528580695299,NA,0.432666970523372,0.419694392828444,NA,0.318623783656955,0.382203681048024,0.483823870628055,0.501666253638094,0.399472885455575,0.356566497545604,0.138909016845429,0.329717936757814,0.175683896204485,NA,0.397209637220411,0.588063313245254,0.321746189160195,0.184523344772929,0.596106068197799,0.163975137582239,0.424983976223358,0.0203168711029516,NA,0.45145582786531,0.415136057196567,0.413390622089608,0.173079643058515,0.368783811357245,0.506919184363242,NA,0.579620159484961,0.1310899357373,0.407356000192341,0.432710290334388,NA,0.495424684468982,0.166685002169757,0.136104221231554,0.0291407657581276,0.414329910247985
0.150563028757855,0.389947937548929,NA,NA,NA,NA,0.508272638862289,0.0826249782498552,0.106419157488214,0.221835800808833,0.727502142897235,0.196842796495162,0.552607125639144,0.56828221930807,0.0804536426564612,0.258433927961622,NA,0.435976449974583,NA,0.226897344846442,0.444528580695299,0,NA,0.0842052570846097,0.0891050478348745,NA,0.581045514664147,0.113317498109935,0.336187720037973,0.337740413192109,0.0474480363562002,0.136102724289453,0.403363242459326,0.556984170357983,0.489640534056103,NA,0.116542086505596,0.531670982722938,0.574264856012686,0.270249391170208,0.529485671535486,0.472462213740644,0.227752363644376,0.460312238346397,NA,0.226141821756483,0.229115179737256,0.108834640880691,0.279322469854874,0.123422684028235,0.624078542612968,NA,0.531176034591069,0.425539242716135,0.0972164882550423,0.0145703828790638,NA,0.620398566804298,0.496479628564996,0.414750618716499,0.471605016970091,0.0307001091110097
NA,NA,NA,NA,NA,NA,NA,NA,NA,NA,NA,NA,NA,NA,NA,NA,NA,NA,NA,NA,NA,NA,0,NA,NA,NA,NA,NA,NA,NA,NA,NA,NA,NA,NA,NA,NA,NA,NA,NA,NA,NA,NA,NA,NA,NA,NA,NA,NA,NA,NA,NA,NA,NA,NA,NA,NA,NA,NA,NA,NA,NA
0.0942022116956099,0.351783295929234,NA,NA,NA,NA,0.522862861578128,0.0129096288523694,0.040260993913746,0.17194113531572,0.772925440711833,0.219923669826448,0.591672374201218,0.604656653514092,0.026840662609164,0.264858823535131,NA,0.400241256111735,NA,0.302767727109106,0.432666970523372,0.0842052570846097,NA,0,0.0134203313045821,NA,0.614162099274257,0.0529860705702352,0.412235743022373,0.415561342574996,0.0724565181874978,0.0810792400670674,0.366412200941967,0.594675355862187,0.507480350647284,NA,0.186173277619606,0.606032203249802,0.60870904881605,0.278141254865477,0.604753013516612,0.489613486863204,0.301635099875273,0.45055505025236,NA,0.30386663299421,0.301359390823808,0.183231398442309,0.284459115822144,0.067037864444976,0.681239255485794,NA,0.604748970748178,0.389387438861438,0.0268178808854871,0.0738766595528753,NA,0.676371227162872,0.512024339357995,0.377905943833332,0.461261985854898,0.0772628839811219
0.0809258117636158,0.338393093039997,NA,NA,NA,NA,0.51150321147051,0.0262962017918307,0.0269315967915417,0.158679835947265,0.764836091844564,0.210482896135597,0.582872992567092,0.595492935660883,0.0402609939137461,0.253421005291789,NA,0.386834605289472,NA,0.301945646389802,0.419694392828444,0.0891050478348745,NA,0.0134203313045821,0,NA,0.604587237843516,0.039577083949851,0.411150964936542,0.415098265686412,0.0697223994181235,0.0676911406708491,0.353011289685305,0.585692227533136,0.496430382043248,NA,0.184590684831175,0.604116955813797,0.59930069973627,0.266768873132629,0.603131716884396,0.478525615942721,0.300216021410171,0.437661142439953,NA,0.303665419888663,0.299484913048406,0.182850725693099,0.272828962756608,0.0536243648600325,0.675174611937696,NA,0.60259099151317,0.375982839407799,0.0134657983957708,0.0772892490677044,NA,0.670092902200568,0.500761404192721,0.36450615027851,0.44833336196283,0.0774577731142163
NA,NA,NA,NA,NA,NA,NA,NA,NA,NA,NA,NA,NA,NA,NA,NA,NA,NA,NA,NA,NA,NA,NA,NA,NA,0,NA,NA,NA,NA,NA,NA,NA,NA,NA,NA,NA,NA,NA,NA,NA,NA,NA,NA,NA,NA,NA,NA,NA,NA,NA,NA,NA,NA,NA,NA,NA,NA,NA,NA,NA,NA
0.560846321045868,0.459065930484514,NA,NA,NA,NA,0.151630960670934,0.624353038255591,0.588808418010873,0.52749643571384,0.188712368417929,0.394238430584369,0.0523477773967517,0.0275005315684834,0.633730564185074,0.361524276889713,NA,0.446667027923168,NA,0.434677712080972,0.318623783656955,0.581045514664147,NA,0.614162099274257,0.604587237843516,NA,0,0.578667150682772,0.401832408232059,0.420602166253071,0.551875166031124,0.562765827925057,0.452655126525519,0.0413396043389435,0.143739952214855,NA,0.47909750113625,0.38850374785163,0.0119251765139934,0.348262918105645,0.400829783302877,0.158155111511395,0.422724290519234,0.303916915455537,NA,0.447531018133652,0.413617270346178,0.494090054204179,0.34681668329298,0.569346735748501,0.219422839308008,NA,0.377540239279895,0.448568244076628,0.596598032946325,0.575781322074056,NA,0.206368540500179,0.151946390456205,0.452057452338552,0.30501234900651,0.558952663582956
0.0418198007470135,0.298825658877981,NA,NA,NA,NA,0.479746852032855,0.0657985876932152,0.0130196337646058,0.119437844065504,0.743463411964676,0.187098986301227,0.559519904409117,0.570931581366169,0.0798154848975008,0.22218727823312,NA,0.34725758136588,NA,0.304860013865459,0.382203681048024,0.113317498109935,NA,0.0529860705702352,0.039577083949851,NA,0.578667150682772,0,0.412378056520767,0.418130283529975,0.0779350217715717,0.0281521718848877,0.313435371760481,0.56173707989888,0.465763024179685,NA,0.187442774559644,0.602064331902596,0.573934458626493,0.235696209577704,0.601957726229746,0.447760405934198,0.301391840273537,0.400464662551034,NA,0.308371110840828,0.299316151569627,0.189233109908766,0.240756621412235,0.0140579816443506,0.660305639010724,NA,0.599817557927875,0.336405819208923,0.0262030626498787,0.0993188215702021,NA,0.654568480765462,0.469354914911362,0.324930768376544,0.410996329449213,0.0920627132351813
0.426394439247816,0.533457548734719,NA,NA,NA,NA,0.426404473311708,0.414974069349548,0.414117427807799,0.454648719975964,0.475751384976861,0.283218760901347,0.3533360734203,0.377513795578003,0.415698596693656,0.332704408881432,NA,0.559221600904094,NA,0.109575306690384,0.483823870628055,0.336187720037973,NA,0.412235743022373,0.411150964936542,NA,0.401832408232059,0.412378056520767,0,0.0195294506469088,0.341521479221982,0.417434381485465,0.539262492356438,0.362865306168391,0.400193912542988,NA,0.226611621684812,0.195879929839076,0.390694365958199,0.331102259147753,0.193307458151554,0.39163086331632,0.111137186645774,0.487053468608652,NA,0.110434675919427,0.113222166742814,0.229174751258749,0.34197218332182,0.413089381794142,0.335474274621612,NA,0.196149136437883,0.55285888145745,0.412417085321114,0.341540568698877,NA,0.336828891791431,0.414308273502326,0.547188513235612,0.497031266159095,0.33500205745368
0.433846357940806,0.548497948204954,NA,NA,NA,NA,0.445878592515868,0.417710540224995,0.419286419790353,0.464911443084777,0.491015890672589,0.295818108471671,0.371812128143313,0.396102740120765,0.417781258232598,0.347540846100023,NA,0.5751532533263,NA,0.113391190034365,0.501666253638094,0.337740413192109,NA,0.415561342574996,0.415098265686412,NA,0.420602166253071,0.418130283529975,0.0195294506469088,0,0.345740559496267,0.424404461072218,0.554621645882427,0.381437433068155,0.41967254718408,NA,0.231183118502005,0.197421564761094,0.409407450567982,0.346431098803377,0.193547612667881,0.411039454809315,0.117176703881453,0.505202910328163,NA,0.111798843039218,0.120826831073502,0.232363674622163,0.357471005622106,0.41946762822462,0.348471705862391,NA,0.198786311369093,0.568611959578485,0.416980225276696,0.343859163628358,NA,0.350369620253903,0.433767456119402,0.562726727152875,0.515261045370569,0.338320835971928
0.109247570690571,0.34252699703281,NA,NA,NA,NA,0.47078391140652,0.0783703799321103,0.0755132283037332,0.176404904134205,0.705494004436255,0.160406360977941,0.526571744614597,0.540794980975696,0.0843092336359036,0.216739718298041,NA,0.388531016718979,NA,0.232461856707828,0.399472885455575,0.0474480363562002,NA,0.0724565181874978,0.0697223994181235,NA,0.551875166031124,0.0779350217715717,0.341521479221982,0.345740559496267,0,0.0954206305538062,0.355919667217432,0.530191284876654,0.453335163385411,NA,0.114917168860827,0.534411118818043,0.54576582233414,0.229132074727081,0.533409424428742,0.435829220395794,0.230529158795464,0.415708888925712,NA,0.234580202697769,0.229764296684741,0.113936101831848,0.237455639728251,0.0846685366814409,0.610103847292105,NA,0.532927942355123,0.378091357781776,0.071417102911701,0.0338861787175756,NA,0.605510555597939,0.459311293009476,0.367304666733883,0.426913988908355,0.0174349825222918
0.0145703828790638,0.270704359333529,NA,NA,NA,NA,0.459187962594588,0.0938381605645572,0.0408587508046663,0.0914097621994757,0.730886271524792,0.175850812403318,0.545709449839824,0.556134890996496,0.10787947076653,0.203190771587214,NA,0.319180245131247,NA,0.311857704639815,0.356566497545604,0.136102724289453,NA,0.0810792400670674,0.0676911406708491,NA,0.562765827925057,0.0281521718848877,0.417434381485465,0.424404461072218,0.0954206305538062,0,0.285338722503176,0.547443133114539,0.446163630923654,NA,0.19621040983981,0.604097732203676,0.55848736615196,0.2167274977326,0.604614533305513,0.428117315661141,0.307233278236126,0.375099071988969,NA,0.316547167269459,0.304247901636566,0.200244541060353,0.220800157900636,0.0142737177521102,0.65282810804481,NA,0.601343783942866,0.308320893989362,0.0542626602267499,0.121668687852579,NA,0.646608236717399,0.449116127059103,0.296830875159847,0.385483411571593,0.111490436884362
0.272645944036947,0.0153467359835159,NA,NA,NA,NA,0.304996985315625,0.379173997842122,0.326191772554418,0.195931929035591,0.641352305026811,0.26989029971877,0.463450712594397,0.460501636665146,0.393217997376509,0.207640160209658,NA,0.0339822417840615,NA,0.468116143436851,0.138909016845429,0.403363242459326,NA,0.366412200941967,0.353011289685305,NA,0.452655126525519,0.313435371760481,0.539262492356438,0.554621645882427,0.355919667217432,0.285338722503176,0,0.459181307133919,0.308948677426402,NA,0.393860474920532,0.675717858687882,0.454599423659687,0.208198699834905,0.681813230324663,0.294857836715162,0.456746478393732,0.157669995735697,NA,0.47968272102699,0.448287461532401,0.407669473497661,0.197304914319298,0.299398502723245,0.626539796374439,NA,0.668639506724828,0.0230598967516904,0.339599313658467,0.389469577239184,NA,0.615920100440772,0.301926752688,0.0115078391543976,0.161864211049787,0.372987840198351
0.546533178453087,0.464324279808536,NA,NA,NA,NA,0.168581006302455,0.604375909045103,0.571323272312469,0.518445715515867,0.18793342919053,0.37538792218535,0.0111481299447401,0.0146956918712567,0.613128206477202,0.349440318008552,NA,0.456204186423362,NA,0.40058318528705,0.329717936757814,0.556984170357983,NA,0.594675355862187,0.585692227533136,NA,0.0413396043389435,0.56173707989888,0.362865306168391,0.381437433068155,0.530191284876654,0.547443133114539,0.459181307133919,0,0.154685221681938,NA,0.451690890511194,0.3478859644649,0.029426022981102,0.336574748859642,0.360105276931366,0.165822270549919,0.38901524476402,0.316870104429023,NA,0.413100725424098,0.380213368514468,0.466172716504959,0.336523291819143,0.553141831665937,0.188625978462537,NA,0.336968588702234,0.457138847832448,0.578395630786438,0.552542232931254,NA,0.175850812403318,0.165833328111881,0.459611938481887,0.319390183249571,0.536233770136896
0.441895951936038,0.315571208063095,NA,NA,NA,NA,0.0262419107996757,0.518878991877198,0.477147562183849,0.398356933796191,0.33245201569238,0.293272627641655,0.161049036032231,0.153585468323215,0.529908767810093,0.243578390030213,NA,0.303265952266624,NA,0.395137140005755,0.175683896204485,0.489640534056103,NA,0.507480350647284,0.496430382043248,NA,0.143739952214855,0.465763024179685,0.400193912542988,0.41967254718408,0.453335163385411,0.446163630923654,0.308948677426402,0.154685221681938,0,NA,0.404223017580934,0.453317635569406,0.146214714327147,0.230080641711159,0.46350038621605,0.0180549835100187,0.38174657186281,0.162235103598653,NA,0.409176478761228,0.371549013155373,0.420656415375913,0.225366590056323,0.454785825257433,0.337494200934042,NA,0.44349385123324,0.304940199741654,0.486698194398091,0.481689652532353,NA,0.325373771545716,0.0150653664599349,0.308323537185449,0.164748632893147,0.463588291083602
NA,NA,NA,NA,NA,NA,NA,NA,NA,NA,NA,NA,NA,NA,NA,NA,NA,NA,NA,NA,NA,NA,NA,NA,NA,NA,NA,NA,NA,NA,NA,NA,NA,NA,NA,0,NA,NA,NA,NA,NA,NA,NA,NA,NA,NA,NA,NA,NA,NA,NA,NA,NA,NA,NA,NA,NA,NA,NA,NA,NA,NA
0.207106676758229,0.383216759172854,NA,NA,NA,NA,0.425831675867341,0.189845812086534,0.188145793209816,0.252655287516364,0.616024951332881,0.133206751316589,0.44633164516598,0.463872988432984,0.192131876064188,0.204812680247557,NA,0.422540621316954,NA,0.117794066546962,0.397209637220411,0.116542086505596,NA,0.186173277619606,0.184590684831175,NA,0.47909750113625,0.187442774559644,0.226611621684812,0.231183118502005,0.114917168860827,0.19621040983981,0.393860474920532,0.451690890511194,0.404223017580934,NA,0,0.419858926814897,0.47131634461653,0.212688931889376,0.418644516041784,0.388346914706065,0.11562592439327,0.409369130213467,NA,0.120934700155201,0.115202255459406,0.0167069582898761,0.224170089228831,0.189813613910297,0.508190859713652,NA,0.418621155540527,0.413366964676497,0.185889624476626,0.118506246851901,NA,0.504817225935028,0.413349220728104,0.404305165515179,0.420865112394496,0.109350093707425
0.611596743102793,0.673325020730069,NA,NA,NA,NA,0.477637072897774,0.609422560103678,0.604994519900722,0.628928576861281,0.377389107454334,0.450685263773449,0.336739963583199,0.361016720592537,0.610730000309397,0.48246432883524,NA,0.688709470032489,NA,0.304773790518941,0.588063313245254,0.531670982722938,NA,0.606032203249802,0.604116955813797,NA,0.38850374785163,0.602064331902596,0.195879929839076,0.197421564761094,0.534411118818043,0.604097732203676,0.675717858687882,0.3478859644649,0.453317635569406,NA,0.419858926814897,0,0.376698528659162,0.476665242486058,0.0134051413378528,0.452453888133724,0.304601270604301,0.584903793490068,NA,0.306310125174436,0.304692223508867,0.423842901029171,0.485303464856252,0.601321761134855,0.220215294953749,NA,0.0111481299447402,0.684608037644823,0.604405910774689,0.536523589395107,NA,0.22863359326235,0.468333273734229,0.681496408153852,0.592590028871065,0.529065317654685
0.556856861026708,0.460648057199314,NA,NA,NA,NA,0.155995475465435,0.618762618828159,0.583920679180759,0.525000455987129,0.187113141947397,0.388837659704265,0.0404226041727222,0.0157010895273212,0.627963448519741,0.358013751732636,NA,0.449480255904779,NA,0.424963840778323,0.321746189160195,0.574264856012686,NA,0.60870904881605,0.59930069973627,NA,0.0119251765139934,0.573934458626493,0.390694365958199,0.409407450567982,0.54576582233414,0.55848736615196,0.454599423659687,0.029426022981102,0.146214714327147,NA,0.47131634461653,0.376698528659162,0,0.344847821815523,0.389002675036977,0.159745796630198,0.413117000523018,0.307561357917407,NA,0.437724448271819,0.404093966256341,0.486169196545518,0.343797537360804,0.564818063496488,0.209888697954387,NA,0.365744346989554,0.451102326762602,0.591507410277517,0.569235076536882,NA,0.196879019357901,0.155373859764581,0.45429949723174,0.309077904384578,0.552549238760998
0.213481570728861,0.202481629201595,NA,NA,NA,NA,0.244739946713082,0.289844349392296,0.247073890055515,0.182893061792667,0.523377350010925,0.0799175246795127,0.336207112360094,0.343930257138895,0.301391840273537,0.013541237632514,NA,0.229554045349413,NA,0.264149406837111,0.184523344772929,0.270249391170208,NA,0.278141254865477,0.266768873132629,NA,0.348262918105645,0.235696209577704,0.331102259147753,0.346431098803377,0.229132074727081,0.2167274977326,0.208198699834905,0.336574748859642,0.230080641711159,NA,0.212688931889376,0.476665242486058,0.344847821815523,0,0.481496740769755,0.212092268622105,0.252009348795694,0.196982476548098,NA,0.276615664371038,0.242967020648377,0.228900771905937,0.0119933209344883,0.224873351874974,0.466526589621138,NA,0.470584797185622,0.222539116055637,0.256757164814097,0.260202475358731,NA,0.458150765333344,0.234016721047435,0.216344550919135,0.208490112638348,0.241637642651877
0.612386741818916,0.679152130419602,NA,NA,NA,NA,0.487996262009292,0.607869024703439,0.604605434955101,0.631338976745534,0.390745988996861,0.453439417415652,0.348957223790161,0.373333446845055,0.608870690707296,0.486974820101384,NA,0.695343394819179,NA,0.302703119718428,0.596106068197799,0.529485671535486,NA,0.604753013516612,0.603131716884396,NA,0.400829783302877,0.601957726229746,0.193307458151554,0.193547612667881,0.533409424428742,0.604614533305513,0.681813230324663,0.360105276931366,0.46350038621605,NA,0.418644516041784,0.0134051413378528,0.389002675036977,0.481496740769755,0,0.462285592075386,0.303122821612487,0.593306785316377,NA,0.303630529390965,0.303665419888663,0.422113197048131,0.490346561421062,0.601528066293516,0.233584495682984,NA,0.0243909395867269,0.691070856349589,0.603718868529175,0.534678301430162,NA,0.24203276130656,0.478536259926334,0.687764541262879,0.601141821516946,0.527648205302852
0.423840978246177,0.300978524654007,NA,NA,NA,NA,0.037926210862362,0.501044497667395,0.459165333634722,0.380527785062797,0.346660385179096,0.27591949280282,0.171346454638416,0.165979464389598,0.512124204741644,0.225582550664811,NA,0.290529594772531,NA,0.382519657380587,0.163975137582239,0.472462213740644,NA,0.489613486863204,0.478525615942721,NA,0.158155111511395,0.447760405934198,0.39163086331632,0.411039454809315,0.435829220395794,0.428117315661141,0.294857836715162,0.165822270549919,0.0180549835100187,NA,0.388346914706065,0.452453888133724,0.159745796630198,0.212092268622105,0.462285592075386,0,0.369068771621542,0.151910182889997,NA,0.396594676228167,0.358828886705963,0.404840985441882,0.207322986487179,0.43675990324023,0.345182057441888,NA,0.442850230698804,0.291746550527883,0.468752020407579,0.464375176201312,NA,0.333316830064301,0.0251881580014486,0.294673288976935,0.155485278824984,0.446228926581704
0.316694524071347,0.448898778796375,NA,NA,NA,NA,0.40664717138129,0.30482993872385,0.302993744488602,0.350159636773759,0.533951526715532,0.188935719088661,0.381547982957934,0.402750089396017,0.306222979479889,0.250037077751842,NA,0.480616234154769,NA,0.013541237632514,0.424983976223358,0.227752363644376,NA,0.301635099875273,0.300216021410171,NA,0.422724290519234,0.301391840273537,0.111137186645774,0.117176703881453,0.230529158795464,0.307233278236126,0.456746478393732,0.38901524476402,0.38174657186281,NA,0.11562592439327,0.304601270604301,0.413117000523018,0.252009348795694,0.303122821612487,0.369068771621542,0,0.432320255767283,NA,0.0276335636719906,0.0102929242493468,0.119328621883654,0.263832211185856,0.302420973792813,0.41104837673272,NA,0.303705673174496,0.472985865779924,0.301307329198698,0.232037271691802,NA,0.409482587864431,0.39388892469408,0.465831258361617,0.443271907738187,0.224533338548278
0.366213641662829,0.167859163514942,NA,NA,NA,NA,0.152611343474283,0.463271755499104,0.413307322271686,0.302323272465813,0.491704612457869,0.276899087791293,0.322930049085379,0.315680944348372,0.476430100302215,0.206199650251542,NA,0.144852568343929,NA,0.445516093065832,0.0203168711029516,0.460312238346397,NA,0.45055505025236,0.437661142439953,NA,0.303916915455537,0.400464662551034,0.487053468608652,0.505202910328163,0.415708888925712,0.375099071988969,0.157669995735697,0.316870104429023,0.162235103598653,NA,0.409369130213467,0.584903793490068,0.307561357917407,0.196982476548098,0.593306785316377,0.151910182889997,0.432320255767283,0,NA,0.459106759382837,0.422348189206703,0.425701517669296,0.185889624476626,0.387144170736405,0.496594518123568,NA,0.576214976308867,0.148482344628379,0.425445391790983,0.448739898261732,NA,0.484886406605514,0.152187554088098,0.154222219591816,0.0115078391543977,0.430286660957191
NA,NA,NA,NA,NA,NA,NA,NA,NA,NA,NA,NA,NA,NA,NA,NA,NA,NA,NA,NA,NA,NA,NA,NA,NA,NA,NA,NA,NA,NA,NA,NA,NA,NA,NA,NA,NA,NA,NA,NA,NA,NA,NA,NA,0,NA,NA,NA,NA,NA,NA,NA,NA,NA,NA,NA,NA,NA,NA,NA,NA,NA
0.326880602414656,0.471392419155408,NA,NA,NA,NA,0.434138827007574,0.305914777071066,0.308830611686912,0.365327991346442,0.553697363454515,0.210464504092559,0.405350464098621,0.42699988287152,0.306039293593726,0.273973592128105,NA,0.504288650328748,NA,0.0141013929107624,0.45145582786531,0.226141821756483,NA,0.30386663299421,0.303665419888663,NA,0.447531018133652,0.308371110840828,0.110434675919427,0.111798843039218,0.234580202697769,0.316547167269459,0.47968272102699,0.413100725424098,0.409176478761228,NA,0.120934700155201,0.306310125174436,0.437724448271819,0.276615664371038,0.303630529390965,0.396594676228167,0.0276335636719906,0.459106759382837,NA,0,0.037926210862362,0.120815027049643,0.288519116675431,0.310613939920667,0.426560209935568,NA,0.306419853567736,0.496430382043248,0.305962725260937,0.232068879136141,NA,0.425700081879052,0.421386160993226,0.488990571867282,0.470109612681677,0.22666825582544
0.313354759009738,0.440616512056815,NA,NA,NA,NA,0.396422028389082,0.304976944555668,0.301351277915414,0.344828915425793,0.526842129460313,0.181279587164793,0.372864917064505,0.393876510500147,0.306839783567606,0.241275656187092,NA,0.471861562309644,NA,0.0238332621243028,0.415136057196567,0.229115179737256,NA,0.301359390823808,0.299484913048406,NA,0.413617270346178,0.299316151569627,0.113222166742814,0.120826831073502,0.229764296684741,0.304247901636566,0.448287461532401,0.380213368514468,0.371549013155373,NA,0.115202255459406,0.304692223508867,0.404093966256341,0.242967020648377,0.303665419888663,0.358828886705963,0.0102929242493468,0.422348189206703,NA,0.037926210862362,0,0.120314825612115,0.254748875468103,0.299877188146952,0.405676033939523,NA,0.303421102151307,0.464322524661003,0.300117602276169,0.2327771615029,NA,0.403833217330727,0.383661496149742,0.457281889699815,0.433279166713475,0.224515190040444
0.211871211967969,0.396760573417337,NA,NA,NA,NA,0.442360452796909,0.185805211657846,0.188784689586785,0.261458510793205,0.628850500982432,0.149236480341407,0.460632576865999,0.478497940477239,0.186903964929414,0.220800157900636,NA,0.436742643201976,NA,0.119615117401008,0.413390622089608,0.108834640880691,NA,0.183231398442309,0.182850725693099,NA,0.494090054204179,0.189233109908766,0.229174751258749,0.232363674622163,0.113936101831848,0.200244541060353,0.407669473497661,0.466172716504959,0.420656415375913,NA,0.0167069582898761,0.423842901029171,0.486169196545518,0.228900771905937,0.422113197048131,0.404840985441882,0.119328621883654,0.425701517669296,NA,0.120815027049643,0.120314825612115,0,0.240316171271575,0.192800891904801,0.518624883631321,NA,0.423031191881304,0.427446729889116,0.185352895116317,0.112709960870583,NA,0.515571743420255,0.429862199171544,0.418222365917747,0.437201435015247,0.10597214114047
0.216812087524561,0.191974870882828,NA,NA,NA,NA,0.239009557197744,0.296347269112032,0.252403568046201,0.181976186858539,0.523837662851909,0.0911486132370835,0.336552956249981,0.34342576776677,0.308156310399775,0.0209099003735067,NA,0.218119034378664,NA,0.276014729997023,0.173079643058515,0.279322469854874,NA,0.284459115822144,0.272828962756608,NA,0.34681668329298,0.240756621412235,0.34197218332182,0.357471005622106,0.237455639728251,0.220800157900636,0.197304914319298,0.336523291819143,0.225366590056323,NA,0.224170089228831,0.485303464856252,0.343797537360804,0.0119933209344883,0.490346561421062,0.207322986487179,0.263832211185856,0.185889624476626,NA,0.288519116675431,0.254748875468103,0.240316171271575,0,0.229522979252596,0.470489538857249,NA,0.479059651869903,0.21125102273123,0.262469568358342,0.268966235280852,NA,0.461869805087604,0.228609531868329,0.205259833154975,0.197395763079645,0.250380702096361
0.0284688218137201,0.284802700183906,NA,NA,NA,NA,0.468362419836492,0.0798563164565842,0.0269995964428097,0.105683361946693,0.73569183904011,0.179601715915395,0.5511451916518,0.562109443860581,0.093870722532074,0.211337804541248,NA,0.333213513255198,NA,0.306488330770157,0.368783811357245,0.123422684028235,NA,0.067037864444976,0.0536243648600325,NA,0.569346735748501,0.0140579816443506,0.413089381794142,0.41946762822462,0.0846685366814409,0.0142737177521102,0.299398502723245,0.553141831665937,0.454785825257433,NA,0.189813613910297,0.601321761134855,0.564818063496488,0.224873351874974,0.601528066293516,0.43675990324023,0.302420973792813,0.387144170736405,NA,0.310613939920667,0.299877188146952,0.192800891904801,0.229522979252596,0,0.654920728904968,NA,0.598820482044688,0.322364260241722,0.040260993913746,0.109118814680342,NA,0.648952030678705,0.458104514341092,0.310895203808107,0.397623865172368,0.100048478135747
