"Abraham Lincoln","Adolf Hitler","Albert Einstein","Alexander the Great","Andrew Jackson","Barack Obama","Benito Mussolini","Benjamin Franklin","Bill Clinton","Bill Gates","Charlemagne","Christopher Columbus","Cleopatra","Constantine the Great","Dwight D. Eisenhower","Elizabeth I of England","Elizabeth II","Fidel Castro","Franklin D. Roosevelt","Gautama Buddha","Genghis Khan","George H. W. Bush","George W. Bush","George Washington","Harry Truman","Henry Ford","Henry VIII of England","Hillary Clinton","Jesus Christ","Joan of Arc","John Adams","John F. Kennedy","Joseph Stalin","Julius Caesar","Karl Marx","Lyndon B. Johnson","Mahatma Gandhi","Malcolm X","Mao Zedong","Margaret Thatcher","Martin Luther King Jr.","Mikhail Gorbachev","Mother Teresa","Napoleon Bonaparte","Nelson Mandela","Pope Francis","Pope John Paul II","Prophet Muhammad","Queen Victoria","Richard Nixon","Robert E. Lee","Ronald Reagan","Rosa Parks","Saddam Hussein","Theodore Roosevelt","Thomas Edison","Thomas Jefferson","Ulysses S. Grant","Vladimir Lenin","Vladimir Putin","Winston Churchill","Woodrow Wilson"
0,0.201427974331665,0.558959418976767,0.539544765652993,0.0377982711356573,0.300166467635717,0.171169848894214,NA,0.368865646939966,NA,NA,NA,0.665707517817558,NA,0.153203994508835,0.324581251136407,0.258429429136531,0.229777944409543,0.112024379837712,0.338664736315167,0.612416736923976,0.197508655828851,0.203557496884577,NA,0.0961564724467672,0.645941146352427,0.329246089856608,0.292667475930996,0.502639253395876,0.469072194890948,0.074539852804334,0.370805534505788,0.19505015563864,0.52931651720398,0.092257470764927,0.134216199867208,NA,NA,0.150565112599277,NA,0.340479024670659,0.294516732617135,0.566461619522389,0.559332605208865,0.337458280114429,0.48115207029966,0.545978545114382,0.50969532553375,0.296684386888568,0.305861690673507,0.0256160864123271,NA,NA,0.221967922368227,0.120302213201778,0.582102566292239,0.0765955249097182,0.100319407081562,0.383501404608958,0.322420047042664,0.0578153585460506,NA
0.201427974331665,0,0.518792834048265,0.551769018811173,0.238837786745575,0.377411574932954,0.030630441837319,NA,0.412366260588589,NA,NA,NA,0.635347767372666,NA,0.354204296745007,0.34225279524299,0.297138564063693,0.131226178343837,0.313385263629792,0.298600276311637,0.608918182017105,0.371773460519789,0.386797270907209,NA,0.297580201092276,0.599813354447241,0.32835613974986,0.362672850710026,0.400129453078467,0.37975363582451,0.181893003195332,0.422945151592609,0.0178375017823818,0.537157764420748,0.112254274443747,0.335196056699252,NA,NA,0.0572677688802785,NA,0.308415663981697,0.142020534428549,0.466337358914992,0.557193356284698,0.284752313499055,0.40202810309085,0.45970258359454,0.415487815876792,0.312156634129784,0.177742666808019,0.176218767284449,NA,NA,0.110145950861269,0.206147593617319,0.532212149066174,0.221804069172083,0.162885232128559,0.251437959731269,0.187208455861903,0.203323550061331,NA
0.558959418976767,0.518792834048265,0,0.141541868042336,0.579236846801062,0.323653286670287,0.524448635574552,NA,0.243653018799306,NA,NA,NA,0.116972088885473,NA,0.644293137267355,0.244021708304009,0.309726728493568,0.38858189348413,0.613676159814661,0.226816829366971,0.127853143527082,0.522987440778765,0.551541347652172,NA,0.602372393563752,0.0870267638857342,0.231456673927026,0.316602346606756,0.185858279297863,0.169653147860249,0.484616813511983,0.257036747747011,0.502560778382428,0.128293578730126,0.514760976005138,0.632994477209937,NA,NA,0.54467707576566,NA,0.221411321948337,0.396470517475269,0.168977731367834,0.105959420458808,0.23609399622103,0.139907192530556,0.130615237520542,0.161806217985124,0.266630322149936,0.352181109436819,0.546042306392985,NA,NA,0.409218740835558,0.439752824197964,0.0328719648344334,0.491936835383036,0.46265242979959,0.308321343766423,0.351062539189508,0.503488980077208,NA
0.539544765652993,0.551769018811173,0.141541868042336,0,0.551258425175504,0.255593378551401,0.54951974026782,NA,0.17448468417596,NA,NA,NA,0.164966006495,NA,0.592813354846963,0.21871085694394,0.281964563171803,0.4224807079337,0.569179921685183,0.25777719932818,0.0799372920144949,0.454810514972999,0.481538882959769,NA,0.560829546018247,0.186724083421803,0.224971316139563,0.255996517497392,0.30591139447268,0.276500802395185,0.469476470198886,0.178618203011406,0.534173862894531,0.0172599200112359,0.518199154803278,0.585062722033983,NA,NA,0.563865043044096,NA,0.245877474989245,0.454366035231568,0.305230686766948,0.0414038027958913,0.276069342225136,0.249493743265306,0.264329609721782,0.284237264918263,0.24905442412403,0.410665690013958,0.532725280305442,NA,NA,0.443544555133263,0.420675949140309,0.171169848894214,0.465001581864516,0.454839098033859,0.391211461351013,0.415428945567093,0.481736518087311,NA
0.0377982711356573,0.238837786745575,0.579236846801062,0.551258425175504,0,0.304735789031657,0.208456239747121,NA,0.378218731126797,NA,NA,NA,0.683312547161005,NA,0.115487710007958,0.340359926719516,0.273384893903234,0.264347948173537,0.0745900887908358,0.363129444882832,0.626006485833782,0.176469918561643,0.178015187225483,NA,0.0590073976321255,0.666246154767633,0.34805894595426,0.299234216586855,0.532172816187239,0.49737443030638,0.100960907846465,0.378337559398958,0.232765762407182,0.541972481820933,0.130038708814939,0.096485886078331,NA,NA,0.186939907901576,NA,0.363752691572095,0.330935595064687,0.595121156941639,0.573330640076505,0.363662423366606,0.508000032277765,0.573031559229806,0.538137666405224,0.314000582523949,0.340561850854579,0.0634135209248877,NA,NA,0.257673749710921,0.139982768682745,0.603611524314803,0.0876499143032518,0.130033625371911,0.417422711181271,0.357378242123533,0.0769743152196484,NA
0.300166467635717,0.377411574932954,0.323653286670287,0.255593378551401,0.304735789031657,0,0.36334115335901,NA,0.0833222235920682,NA,NA,NA,0.406534378633406,NA,0.33723489684175,0.102244765102879,0.0886274017515249,0.275472481485899,0.314643411472939,0.193314022095368,0.334430016631035,0.202071259357249,0.229981150346984,NA,0.30722238770605,0.405034593304145,0.13214479706875,0.0172599200112359,0.368432907932151,0.32590030286503,0.239651028697999,0.0770172416930396,0.360156130171227,0.249634126797438,0.305587814746829,0.329790399220151,NA,NA,0.367450785727725,NA,0.181657841038956,0.341740587558333,0.41142903171955,0.28481653237912,0.21183252361822,0.318407403189769,0.375064288978452,0.360516300761533,0.107247131328997,0.31171656330215,0.299483738261992,NA,NA,0.291590379694271,0.192262524996017,0.354514579334433,0.223574227660041,0.235689535845866,0.34552569842573,0.325990212832361,0.243893453130572,NA
0.171169848894214,0.030630441837319,0.524448635574552,0.54951974026782,0.208456239747121,0.36334115335901,0,NA,0.403730127168627,NA,NA,NA,0.640328180768768,NA,0.323744501289335,0.33611706468657,0.286560380811713,0.136210829112702,0.283033916037018,0.30072750843727,0.609542795815325,0.345382822739008,0.359409571209915,NA,0.267284031123839,0.607048832952095,0.324784843979335,0.349321519157112,0.414955027394763,0.392044162291439,0.156087846097384,0.413208055665011,0.0311723631945376,0.535448188570508,0.0834992156587547,0.304739404335743,NA,NA,0.028821800518,NA,0.309444880457429,0.161650900983184,0.481375955990098,0.557203242523399,0.28869542476377,0.412851156279214,0.472360152788559,0.429048102918569,0.305565461407487,0.192971772156662,0.146108830116375,NA,NA,0.116263544228077,0.184746466943884,0.539544765652993,0.195391020467487,0.139971749702101,0.269570154778169,0.204382826793907,0.175949726065459,NA
NA,NA,NA,NA,NA,NA,NA,0,NA,NA,NA,NA,NA,NA,NA,NA,NA,NA,NA,NA,NA,NA,NA,NA,NA,NA,NA,NA,NA,NA,NA,NA,NA,NA,NA,NA,NA,NA,NA,NA,NA,NA,NA,NA,NA,NA,NA,NA,NA,NA,NA,NA,NA,NA,NA,NA,NA,NA,NA,NA,NA,NA
0.368865646939966,0.412366260588589,0.243653018799306,0.17448468417596,0.378218731126797,0.0833222235920682,0.403730127168627,NA,0,NA,NA,NA,0.323226823632032,NA,0.419163156472406,0.0756897562922615,0.118562447954151,0.293929594781629,0.394760636587358,0.16445364068971,0.252268230572098,0.285357562469287,0.313160891724866,NA,0.386345264613924,0.323042712121458,0.102199498779028,0.0816553970191969,0.314241885130809,0.27255589154719,0.301788787207181,0.0185163435157218,0.394560202426956,0.167300309414205,0.358660229575867,0.410923690854301,NA,NA,0.413017641005885,NA,0.150316121007373,0.347651013265026,0.34835319663722,0.201883618913551,0.186014705738285,0.259219459080002,0.30938577369994,0.302260809536179,0.102244765102879,0.310272613106937,0.364358544492822,NA,NA,0.313188331397477,0.252736838260696,0.275348472799722,0.293133138883388,0.291246350462943,0.324787557688416,0.321341879803448,0.311201534766907,NA
NA,NA,NA,NA,NA,NA,NA,NA,NA,0,NA,NA,NA,NA,NA,NA,NA,NA,NA,NA,NA,NA,NA,NA,NA,NA,NA,NA,NA,NA,NA,NA,NA,NA,NA,NA,NA,NA,NA,NA,NA,NA,NA,NA,NA,NA,NA,NA,NA,NA,NA,NA,NA,NA,NA,NA,NA,NA,NA,NA,NA,NA
NA,NA,NA,NA,NA,NA,NA,NA,NA,NA,0,NA,NA,NA,NA,NA,NA,NA,NA,NA,NA,NA,NA,NA,NA,NA,NA,NA,NA,NA,NA,NA,NA,NA,NA,NA,NA,NA,NA,NA,NA,NA,NA,NA,NA,NA,NA,NA,NA,NA,NA,NA,NA,NA,NA,NA,NA,NA,NA,NA,NA,NA
NA,NA,NA,NA,NA,NA,NA,NA,NA,NA,NA,0,NA,NA,NA,NA,NA,NA,NA,NA,NA,NA,NA,NA,NA,NA,NA,NA,NA,NA,NA,NA,NA,NA,NA,NA,NA,NA,NA,NA,NA,NA,NA,NA,NA,NA,NA,NA,NA,NA,NA,NA,NA,NA,NA,NA,NA,NA,NA,NA,NA,NA
0.665707517817558,0.635347767372666,0.116972088885473,0.164966006495,0.683312547161005,0.406534378633406,0.640328180768768,NA,0.323226823632032,NA,NA,NA,0,NA,0.739264902720879,0.343207513006633,0.41025502180553,0.504797118791129,0.711583424342667,0.34085352334872,0.0935076643578702,0.608583368431981,0.636320513331637,NA,0.701448775414717,0.0579409904613566,0.336510823659446,0.403166499039839,0.28838996727867,0.280672978714669,0.592062061501646,0.3321073627231,0.618979830152795,0.163344521304617,0.627143415351005,0.729518539434097,NA,NA,0.659920456564449,NA,0.334093167610792,0.513247303345528,0.252048024933496,0.126208773210243,0.351639501539615,0.251522949835725,0.22345099981845,0.264234562814359,0.369440452145447,0.469036962773149,0.654504837020319,NA,NA,0.525559579416263,0.545530391870532,0.111817661738796,0.595662956823617,0.571950799461374,0.422603253855822,0.467581678002557,0.60905929150391,NA
NA,NA,NA,NA,NA,NA,NA,NA,NA,NA,NA,NA,NA,0,NA,NA,NA,NA,NA,NA,NA,NA,NA,NA,NA,NA,NA,NA,NA,NA,NA,NA,NA,NA,NA,NA,NA,NA,NA,NA,NA,NA,NA,NA,NA,NA,NA,NA,NA,NA,NA,NA,NA,NA,NA,NA,NA,NA,NA,NA,NA,NA
0.153203994508835,0.354204296745007,0.644293137267355,0.592813354846963,0.115487710007958,0.33723489684175,0.323744501289335,NA,0.419163156472406,NA,NA,NA,0.739264902720879,NA,0,0.400271503644416,0.335253241968897,0.371304352291297,0.041827382137414,0.444052965898066,0.671367252168587,0.148844513808814,0.131286612559915,NA,0.0580321882992144,0.730109694333835,0.415354152331436,0.337608425506532,0.623181782822413,0.58549002482997,0.202328436308947,0.414246590990917,0.348244384498554,0.586427492057083,0.24521342512164,0.0190095727913337,NA,NA,0.301391336989843,NA,0.441687680973127,0.441747541067499,0.683120331478558,0.62088210663457,0.448882128175819,0.592088856658387,0.65684412784529,0.626131075516508,0.379156110789834,0.446956231547237,0.178769871694534,NA,NA,0.367270845075561,0.225757405063875,0.671716039883318,0.171946890601244,0.232856621468247,0.52116417053063,0.464273168441538,0.174660128800887,NA
0.324581251136407,0.34225279524299,0.244021708304009,0.21871085694394,0.340359926719516,0.102244765102879,0.33611706468657,NA,0.0756897562922615,NA,NA,NA,0.343207513006633,NA,0.400271503644416,0,0.06705143708421,0.220020670884433,0.370081649873062,0.0948389928030852,0.288365516701961,0.283930115461884,0.312749712276771,NA,0.359217015132984,0.330028168819796,0.0309168477112962,0.0880337019837534,0.266320241115881,0.223794882209596,0.252519659024414,0.0912971295244291,0.324418284869627,0.206800704023461,0.299622761895192,0.389092466516072,NA,NA,0.348016528037807,NA,0.0818009840677709,0.271971574888346,0.31121781931117,0.235102628999299,0.115334973673964,0.217482327524394,0.276350944363298,0.259075764509207,0.0307524902549757,0.234760293015958,0.315761898577858,NA,NA,0.23982014527595,0.204431335248975,0.271830568368224,0.252762991838113,0.236382206457473,0.253630628299132,0.246178398222146,0.267199931054279,NA
0.258429429136531,0.297138564063693,0.309726728493568,0.281964563171803,0.273384893903234,0.0886274017515249,0.286560380811713,NA,0.118562447954151,NA,NA,NA,0.41025502180553,NA,0.335253241968897,0.06705143708421,0,0.187909809382362,0.303951700788122,0.124151079714127,0.353987746308985,0.22744255891611,0.256050737729005,NA,0.292731463830736,0.396181415085065,0.0805003827260336,0.0716089469159908,0.309348737206215,0.267761745064514,0.18751540048215,0.126743621291408,0.279481089197581,0.27115450411615,0.240374452489267,0.323443531674422,NA,NA,0.294776975164587,NA,0.116507769787763,0.2531131890494,0.361282529458771,0.300917218562529,0.138093721332705,0.267271665126214,0.329783049676362,0.306245424993039,0.0441343327872742,0.223723981266536,0.250778090141556,NA,NA,0.20492976651769,0.138805126860392,0.336557310516032,0.185840495234736,0.173987685693163,0.26288940219577,0.23845276604655,0.200814451098024,NA
0.229777944409543,0.131226178343837,0.38858189348413,0.4224807079337,0.264347948173537,0.275472481485899,0.136210829112702,NA,0.293929594781629,NA,NA,NA,0.504797118791129,NA,0.371304352291297,0.220020670884433,0.187909809382362,0,0.330034177628969,0.167484595705032,0.477934744456729,0.334582179541404,0.357170402205363,NA,0.314135285904973,0.47085196640603,0.201985097310044,0.258920076316018,0.285588347206582,0.258940499772911,0.169028578991372,0.306880086528356,0.114385382697504,0.407473132075741,0.149908055397925,0.353501892759373,NA,NA,0.158504264495955,NA,0.177673231232706,0.0770429860966347,0.351756659681223,0.426466350618293,0.153613345476227,0.278108260940604,0.339229658454368,0.297405403113528,0.191694387346956,0.0762148520227963,0.206864623467814,NA,NA,0.0211806517538248,0.158536234592994,0.403337527607652,0.203271525313404,0.138571577752873,0.153977253406996,0.0931748160054175,0.196749694346983,NA
0.112024379837712,0.313385263629792,0.613676159814661,0.569179921685183,0.0745900887908358,0.314643411472939,0.283033916037018,NA,0.394760636587358,NA,NA,NA,0.711583424342667,NA,0.041827382137414,0.370081649873062,0.303951700788122,0.330034177628969,0,0.408458281349762,0.646796110942636,0.142380025740426,0.132426294979659,NA,0.0162064748877127,0.700034407415081,0.383207692977871,0.313183406505064,0.585509970555464,0.548471794660903,0.161253755577821,0.391382647203892,0.30701504325089,0.561856403835224,0.203721965084476,0.0234703970820814,NA,NA,0.261376357099135,NA,0.406846453943632,0.400056756540287,0.646280813139237,0.595468720526439,0.412237999025188,0.556104400822323,0.621048172165778,0.589211498936006,0.347347921163224,0.405846533919281,0.137481244207008,NA,NA,0.325668315238011,0.18739903239472,0.64028137999537,0.132748698684854,0.191796661439961,0.48057883279107,0.423099332065859,0.133711245615203,NA
0.338664736315167,0.298600276311637,0.226816829366971,0.25777719932818,0.363129444882832,0.193314022095368,0.30072750843727,NA,0.16445364068971,NA,NA,NA,0.34085352334872,NA,0.444052965898066,0.0948389928030852,0.124151079714127,0.167484595705032,0.408458281349762,0,0.310474943303228,0.349794911565875,0.37806431510109,NA,0.395152278135993,0.312315415803143,0.0641459306108961,0.177299549124169,0.185677988635155,0.144742150027198,0.26427708802485,0.182067360145447,0.281510951933457,0.242077093411078,0.28819124629808,0.429981774156864,NA,NA,0.319308520207864,NA,0.0143304025138949,0.197965529969674,0.240587025710009,0.259260257216631,0.0217452943976665,0.148144134980038,0.21279147876227,0.184316601262504,0.0873149243966775,0.155597227132238,0.323326336553999,NA,NA,0.188654111525977,0.223816541906751,0.246227621462227,0.278575322858837,0.239605972091834,0.160338374540246,0.163290554334843,0.286167959700181,NA
0.612416736923976,0.608918182017105,0.127853143527082,0.0799372920144949,0.626006485833782,0.334430016631035,0.609542795815325,NA,0.252268230572098,NA,NA,NA,0.0935076643578702,NA,0.671367252168587,0.288365516701961,0.353987746308985,0.477934744456729,0.646796110942636,0.310474943303228,0,0.534466653794159,0.561318087273548,NA,0.637989117076391,0.132091428140276,0.289365534760953,0.333915707434345,0.312952553220185,0.292703611993643,0.540866325508554,0.25767802531113,0.59169238786015,0.084971913901469,0.584979484039641,0.663179234277871,NA,NA,0.626027604474309,NA,0.300542077520197,0.500205208153916,0.295022797962968,0.0533475465534655,0.32590030286503,0.263245379883815,0.2580565623055,0.289134716620458,0.317609197371131,0.455667710426282,0.604122367546123,NA,NA,0.499111114132832,0.49258274661088,0.145992661768877,0.539036082319644,0.524228013701623,0.423743053505964,0.457758191441486,0.554766713061477,NA
0.197508655828851,0.371773460519789,0.522987440778765,0.454810514972999,0.176469918561643,0.202071259357249,0.345382822739008,NA,0.285357562469287,NA,NA,NA,0.608583368431981,NA,0.148844513808814,0.283930115461884,0.22744255891611,0.334582179541404,0.142380025740426,0.349794911565875,0.534466653794159,0,0.028821800518,NA,0.143391641374285,0.606058190620177,0.305894107110724,0.206779393151185,0.535439546730702,0.494424067021839,0.189900895861063,0.277312450332041,0.359522358694788,0.450260834742094,0.263024311605404,0.148144134980038,NA,NA,0.333263770877115,NA,0.3434764112741,0.411561828495138,0.588698196912645,0.486089092581786,0.36060430132445,0.494714105012608,0.556986891537171,0.533409788993445,0.270285239538142,0.401682115334307,0.214203347577772,NA,NA,0.339271226577607,0.177539243077367,0.552782014917136,0.15004175301442,0.212106953203192,0.463984047319788,0.419214669509291,0.169908816846767,NA
0.203557496884577,0.386797270907209,0.551541347652172,0.481538882959769,0.178015187225483,0.229981150346984,0.359409571209915,NA,0.313160891724866,NA,NA,NA,0.636320513331637,NA,0.131286612559915,0.312749712276771,0.256050737729005,0.357170402205363,0.132426294979659,0.37806431510109,0.561318087273548,0.028821800518,0,NA,0.136619485939239,0.634404095065427,0.334667123528919,0.235154170667046,0.563648121731741,0.52275440022269,0.205882344608847,0.304645392485801,0.375416613172251,0.477358566600999,0.276197813940058,0.133833135241947,NA,NA,0.345382822739008,NA,0.371928711053978,0.433916801351754,0.617245919789742,0.513373935102578,0.38854786923342,0.523305859953454,0.585687570451908,0.561852089937116,0.299009542738667,0.425813809568123,0.222687444147238,NA,NA,0.360750310433114,0.198962530515493,0.581424980123421,0.165607228252842,0.230276054563601,0.489675511341495,0.443417858280842,0.18352830037771,NA
NA,NA,NA,NA,NA,NA,NA,NA,NA,NA,NA,NA,NA,NA,NA,NA,NA,NA,NA,NA,NA,NA,NA,0,NA,NA,NA,NA,NA,NA,NA,NA,NA,NA,NA,NA,NA,NA,NA,NA,NA,NA,NA,NA,NA,NA,NA,NA,NA,NA,NA,NA,NA,NA,NA,NA,NA,NA,NA,NA,NA,NA
0.0961564724467672,0.297580201092276,0.602372393563752,0.560829546018247,0.0590073976321255,0.30722238770605,0.267284031123839,NA,0.386345264613924,NA,NA,NA,0.701448775414717,NA,0.0580321882992144,0.359217015132984,0.292731463830736,0.314135285904973,0.0162064748877127,0.395152278135993,0.637989117076391,0.143391641374285,0.136619485939239,NA,0,0.688910489983834,0.371460985253009,0.304976474663189,0.571197139948382,0.534456759256325,0.145521004495501,0.383626637814267,0.291036709341105,0.553124712319755,0.187646962226125,0.0395307265399438,NA,NA,0.245945573180469,NA,0.393877739585927,0.383937820404387,0.632312186430454,0.586355345686505,0.398459054057966,0.542536898442023,0.607536838761791,0.575225293579962,0.335808811657437,0.390016706166788,0.121528619169092,NA,NA,0.309599359265029,0.173101458128402,0.628617683618139,0.118171526444811,0.176049882456701,0.464986418223478,0.407236752846196,0.118085723232127,NA
0.645941146352427,0.599813354447241,0.0870267638857342,0.186724083421803,0.666246154767633,0.405034593304145,0.607048832952095,NA,0.323042712121458,NA,NA,NA,0.0579409904613566,NA,0.730109694333835,0.330028168819796,0.396181415085065,0.47085196640603,0.700034407415081,0.312315415803143,0.132091428140276,0.606058190620177,0.634404095065427,NA,0.688910489983834,0,0.318371416193762,0.399279399535372,0.236217158180675,0.233297163715757,0.57156888960285,0.33464144506247,0.584026865052334,0.179832871930579,0.600506518217118,0.71911642069389,NA,NA,0.628183939270539,NA,0.307625197206969,0.472374613266847,0.195563483521139,0.145320996356484,0.320160305143669,0.205282134507801,0.16956610660032,0.212471270895022,0.353350394212375,0.428861124748106,0.632860097298431,NA,NA,0.491129485556111,0.526779455357106,0.067601262836762,0.578915316469986,0.549383792841566,0.376752440264435,0.425800872742335,0.590515190585166,NA
0.329246089856608,0.32835613974986,0.231456673927026,0.224971316139563,0.34805894595426,0.13214479706875,0.324784843979335,NA,0.102199498779028,NA,NA,NA,0.336510823659446,NA,0.415354152331436,0.0309168477112962,0.0805003827260336,0.201985097310044,0.383207692977871,0.0641459306108961,0.289365534760953,0.305894107110724,0.334667123528919,NA,0.371460985253009,0.318371416193762,0,0.11716219112409,0.237550102493521,0.19511679524046,0.255566652446573,0.119146425329326,0.310613303815622,0.211419169123372,0.295618199791078,0.403158300960764,NA,NA,0.338911233563753,NA,0.0509085843447233,0.248200087226271,0.28485753204177,0.236121060036848,0.0850133939693052,0.190727557572627,0.2514660008789,0.231498557578964,0.0363662423366606,0.209194849916186,0.318174800010808,NA,NA,0.222517189242172,0.209215914748575,0.257157591076719,0.260599630524624,0.236295500549604,0.223739738973324,0.219596641022521,0.272891185977296,NA
0.292667475930996,0.362672850710026,0.316602346606756,0.255996517497392,0.299234216586855,0.0172599200112359,0.349321519157112,NA,0.0816553970191969,NA,NA,NA,0.403166499039839,NA,0.337608425506532,0.0880337019837534,0.0716089469159908,0.258920076316018,0.313183406505064,0.177299549124169,0.333915707434345,0.206779393151185,0.235154170667046,NA,0.304976474663189,0.399279399535372,0.11716219112409,0,0.354291377401447,0.311777348396575,0.229790410322717,0.0792173710145634,0.34531136272711,0.248944694479446,0.293695611386194,0.329268843143914,NA,NA,0.354273962982515,NA,0.165968735264557,0.324685099437705,0.39870008473543,0.283283706479765,0.195459798487665,0.305253064621463,0.362986213870326,0.34704329452298,0.0906917523899624,0.294478574300871,0.290669284037535,NA,NA,0.275299654063762,0.181660266944088,0.346902314231548,0.216174461497831,0.224076294966187,0.328527213267675,0.308732711414893,0.235723189487094,NA
0.502639253395876,0.400129453078467,0.185858279297863,0.30591139447268,0.532172816187239,0.368432907932151,0.414955027394763,NA,0.314241885130809,NA,NA,NA,0.28838996727867,NA,0.623181782822413,0.266320241115881,0.309348737206215,0.285588347206582,0.585509970555464,0.185677988635155,0.312952553220185,0.535439546730702,0.563648121731741,NA,0.571197139948382,0.236217158180675,0.237550102493521,0.354291377401447,0,0.0425326078050927,0.431211942289236,0.332542977897131,0.38708939734401,0.289156816098984,0.433559161364242,0.607924061740407,NA,NA,0.440608808626993,NA,0.192940939883779,0.260359390347777,0.06643739395571,0.281221980510969,0.175949726065459,0.0586590915851923,0.0679394013131234,0.0243097123315691,0.269416441726246,0.222486489908185,0.483101280790444,NA,NA,0.30207267266765,0.39813154946953,0.177648426235764,0.453039220557337,0.402703319485058,0.15296073915801,0.213489291499589,0.456328744442885,NA
0.469072194890948,0.37975363582451,0.169653147860249,0.276500802395185,0.49737443030638,0.32590030286503,0.392044162291439,NA,0.27255589154719,NA,NA,NA,0.280672978714669,NA,0.58549002482997,0.223794882209596,0.267761745064514,0.258940499772911,0.548471794660903,0.144742150027198,0.292703611993643,0.494424067021839,0.52275440022269,NA,0.534456759256325,0.233297163715757,0.19511679524046,0.311777348396575,0.0425326078050927,0,0.396552206284263,0.290929938693285,0.365599182202801,0.259396204661999,0.403981648817925,0.570622457323691,NA,NA,0.416485750824125,NA,0.151254281572561,0.2441083778493,0.0978915345868027,0.255838094205346,0.136766174592825,0.0297546878892568,0.0803688908268178,0.0408034051428258,0.227317550800337,0.202847243361548,0.450494692521936,NA,NA,0.276902149307987,0.361416071423773,0.168992074554296,0.416492628480676,0.368790969979636,0.143600474699339,0.196794486027646,0.420962362117387,NA
0.074539852804334,0.181893003195332,0.484616813511983,0.469476470198886,0.100960907846465,0.239651028697999,0.156087846097384,NA,0.301788787207181,NA,NA,NA,0.592062061501646,NA,0.202328436308947,0.252519659024414,0.18751540048215,0.169028578991372,0.161253755577821,0.26427708802485,0.540866325508554,0.189900895861063,0.205882344608847,NA,0.145521004495501,0.57156888960285,0.255566652446573,0.229790410322717,0.431211942289236,0.396552206284263,0,0.305602235388371,0.169749231113463,0.458577685409576,0.0764140766836848,0.184692788448377,NA,NA,0.147082819605459,NA,0.265949323686253,0.241007952670468,0.494243542759759,0.48762064442708,0.263613415037947,0.407694782027522,0.472653473977027,0.437293243069928,0.223849027522862,0.244637658131001,0.063288307619674,NA,NA,0.166096138118641,0.0490750232332209,0.50759344803064,0.040276186152718,0.0305439963916503,0.319534091972653,0.261944773190033,0.0277308477459676,NA
0.370805534505788,0.422945151592609,0.257036747747011,0.178618203011406,0.378337559398958,0.0770172416930396,0.413208055665011,NA,0.0185163435157218,NA,NA,NA,0.3321073627231,NA,0.414246590990917,0.0912971295244291,0.126743621291408,0.306880086528356,0.391382647203892,0.182067360145447,0.25767802531113,0.277312450332041,0.304645392485801,NA,0.383626637814267,0.33464144506247,0.119146425329326,0.0792173710145634,0.332542977897131,0.290929938693285,0.305602235388371,0,0.4051906947639,0.173084909414343,0.365128779576333,0.406759790374481,NA,NA,0.421416976249291,NA,0.168016571471911,0.362612697746001,0.365922082686686,0.208777328581051,0.203527185614691,0.277287022965297,0.326687019175914,0.320334379922636,0.115821118533577,0.326001703296503,0.367560506268642,NA,NA,0.325738672962891,0.256751984215802,0.289109566883142,0.29455039761454,0.296796511528994,0.342384106127074,0.337468074241488,0.313452051812224,NA
0.19505015563864,0.0178375017823818,0.502560778382428,0.534173862894531,0.232765762407182,0.360156130171227,0.0311723631945376,NA,0.394560202426956,NA,NA,NA,0.618979830152795,NA,0.348244384498554,0.324418284869627,0.279481089197581,0.114385382697504,0.30701504325089,0.281510951933457,0.59169238786015,0.359522358694788,0.375416613172251,NA,0.291036709341105,0.584026865052334,0.310613303815622,0.34531136272711,0.38708939734401,0.365599182202801,0.169749231113463,0.4051906947639,0,0.519615721449056,0.10380604010283,0.329248097562855,NA,NA,0.0599814456508132,NA,0.291154792944561,0.131362116231691,0.453428634027355,0.539868112364098,0.267998638350689,0.387326125623862,0.445738866624835,0.401883932034837,0.294319153737564,0.164634421571957,0.169534916770672,NA,NA,0.093448735159339,0.191316995055957,0.516434502315771,0.209935059777846,0.149033879731406,0.240023111484513,0.175146413090433,0.192405728791435,NA
0.52931651720398,0.537157764420748,0.128293578730126,0.0172599200112359,0.541972481820933,0.249634126797438,0.535448188570508,NA,0.167300309414205,NA,NA,NA,0.163344521304617,NA,0.586427492057083,0.206800704023461,0.27115450411615,0.407473132075741,0.561856403835224,0.242077093411078,0.084971913901469,0.450260834742094,0.477358566600999,NA,0.553124712319755,0.179832871930579,0.211419169123372,0.248944694479446,0.289156816098984,0.259396204661999,0.458577685409576,0.173084909414343,0.519615721449056,0,0.505750842796721,0.578207320376402,NA,NA,0.550259843164228,NA,0.230426233887335,0.438169119077518,0.28981445514327,0.0371396322832253,0.260053694277447,0.232525193238567,0.24870648551381,0.267657215092013,0.236828285694765,0.394350167731436,0.521863843701017,NA,NA,0.428577419782825,0.409958978474409,0.158941556766252,0.455303926214515,0.443179271829493,0.374111945267392,0.398890705332746,0.471555265547931,NA
0.092257470764927,0.112254274443747,0.514760976005138,0.518199154803278,0.130038708814939,0.305587814746829,0.0834992156587547,NA,0.358660229575867,NA,NA,NA,0.627143415351005,NA,0.24521342512164,0.299622761895192,0.240374452489267,0.149908055397925,0.203721965084476,0.28819124629808,0.584979484039641,0.263024311605404,0.276197813940058,NA,0.187646962226125,0.600506518217118,0.295618199791078,0.293695611386194,0.433559161364242,0.403981648817925,0.0764140766836848,0.365128779576333,0.10380604010283,0.505750842796721,0,0.226269235530671,NA,NA,0.0708541706349541,NA,0.293464444791961,0.206459466100652,0.499182627549473,0.531712198132216,0.281782424339348,0.420045362984265,0.483403582321184,0.443646383229697,0.269151325985724,0.223589010437128,0.0666526219414069,NA,NA,0.137753437002627,0.115113146022238,0.534253468414119,0.113718857460132,0.0700189252902105,0.302719722167582,0.23902960361605,0.0931298731484571,NA
0.134216199867208,0.335196056699252,0.632994477209937,0.585062722033983,0.096485886078331,0.329790399220151,0.304739404335743,NA,0.410923690854301,NA,NA,NA,0.729518539434097,NA,0.0190095727913337,0.389092466516072,0.323443531674422,0.353501892759373,0.0234703970820814,0.429981774156864,0.663179234277871,0.148144134980038,0.133833135241947,NA,0.0395307265399438,0.71911642069389,0.403158300960764,0.329268843143914,0.607924061740407,0.570622457323691,0.184692788448377,0.406759790374481,0.329248097562855,0.578207320376402,0.226269235530671,0,NA,NA,0.282445531856283,NA,0.428039303668845,0.423468407706177,0.668371307237258,0.612253728586121,0.434208689322732,0.577829164378675,0.642703301732177,0.611327751919869,0.367116625776141,0.429301728750201,0.159791868881246,NA,NA,0.349113931998592,0.209967594262781,0.659989569108422,0.155597227132238,0.215236722141682,0.503944350978782,0.446561174002168,0.157121994349501,NA
NA,NA,NA,NA,NA,NA,NA,NA,NA,NA,NA,NA,NA,NA,NA,NA,NA,NA,NA,NA,NA,NA,NA,NA,NA,NA,NA,NA,NA,NA,NA,NA,NA,NA,NA,NA,0,NA,NA,NA,NA,NA,NA,NA,NA,NA,NA,NA,NA,NA,NA,NA,NA,NA,NA,NA,NA,NA,NA,NA,NA,NA
NA,NA,NA,NA,NA,NA,NA,NA,NA,NA,NA,NA,NA,NA,NA,NA,NA,NA,NA,NA,NA,NA,NA,NA,NA,NA,NA,NA,NA,NA,NA,NA,NA,NA,NA,NA,NA,0,NA,NA,NA,NA,NA,NA,NA,NA,NA,NA,NA,NA,NA,NA,NA,NA,NA,NA,NA,NA,NA,NA,NA,NA
0.150565112599277,0.0572677688802785,0.54467707576566,0.563865043044096,0.186939907901576,0.367450785727725,0.028821800518,NA,0.413017641005885,NA,NA,NA,0.659920456564449,NA,0.301391336989843,0.348016528037807,0.294776975164587,0.158504264495955,0.261376357099135,0.319308520207864,0.626027604474309,0.333263770877115,0.345382822739008,NA,0.245945573180469,0.628183939270539,0.338911233563753,0.354273962982515,0.440608808626993,0.416485750824125,0.147082819605459,0.421416976249291,0.0599814456508132,0.550259843164228,0.0708541706349541,0.282445531856283,NA,NA,0,NA,0.327193834900386,0.18967450055482,0.507044889536652,0.573315266973836,0.308583511196951,0.436460542495255,0.49685450318078,0.454069150176123,0.317281574776626,0.219435033756523,0.12648780358695,NA,NA,0.139634464089487,0.182049205754547,0.560838975277383,0.184487473374873,0.136288455027837,0.296839568013428,0.231507123756102,0.163452401789459,NA
NA,NA,NA,NA,NA,NA,NA,NA,NA,NA,NA,NA,NA,NA,NA,NA,NA,NA,NA,NA,NA,NA,NA,NA,NA,NA,NA,NA,NA,NA,NA,NA,NA,NA,NA,NA,NA,NA,NA,0,NA,NA,NA,NA,NA,NA,NA,NA,NA,NA,NA,NA,NA,NA,NA,NA,NA,NA,NA,NA,NA,NA
0.340479024670659,0.308415663981697,0.221411321948337,0.245877474989245,0.363752691572095,0.181657841038956,0.309444880457429,NA,0.150316121007373,NA,NA,NA,0.334093167610792,NA,0.441687680973127,0.0818009840677709,0.116507769787763,0.177673231232706,0.406846453943632,0.0143304025138949,0.300542077520197,0.3434764112741,0.371928711053978,NA,0.393877739585927,0.307625197206969,0.0509085843447233,0.165968735264557,0.192940939883779,0.151254281572561,0.265949323686253,0.168016571471911,0.291154792944561,0.230426233887335,0.293464444791961,0.428039303668845,NA,NA,0.327193834900386,NA,0,0.211139671278551,0.245490031672047,0.248820748011647,0.0360742370034878,0.151996871920617,0.215871520996554,0.189933381748739,0.0771715792898986,0.169179727748567,0.326028738085273,NA,NA,0.198848429018434,0.223928744963818,0.242325456520183,0.278244502328437,0.242325456520183,0.17448468417596,0.177246101653845,0.286929228058076,NA
0.294516732617135,0.142020534428549,0.396470517475269,0.454366035231568,0.330935595064687,0.341740587558333,0.161650900983184,NA,0.347651013265026,NA,NA,NA,0.513247303345528,NA,0.441747541067499,0.271971574888346,0.2531131890494,0.0770429860966347,0.400056756540287,0.197965529969674,0.500205208153916,0.411561828495138,0.433916801351754,NA,0.383937820404387,0.472374613266847,0.248200087226271,0.324685099437705,0.260359390347777,0.2441083778493,0.241007952670468,0.362612697746001,0.131362116231691,0.438169119077518,0.206459466100652,0.423468407706177,NA,NA,0.18967450055482,NA,0.211139671278551,0,0.326052391686632,0.451595324625788,0.178499737911331,0.269003926562848,0.322579241354894,0.277308477459676,0.24729379814864,0.044611045080649,0.26996956235631,NA,NA,0.074943737974477,0.235036076678785,0.405308682782957,0.277387924095731,0.211191844466547,0.109566289367087,0.0473381094407797,0.268594879657423,NA
0.566461619522389,0.466337358914992,0.168977731367834,0.305230686766948,0.595121156941639,0.41142903171955,0.481375955990098,NA,0.34835319663722,NA,NA,NA,0.252048024933496,NA,0.683120331478558,0.31121781931117,0.361282529458771,0.351756659681223,0.646280813139237,0.240587025710009,0.295022797962968,0.588698196912645,0.617245919789742,NA,0.632312186430454,0.195563483521139,0.28485753204177,0.39870008473543,0.06643739395571,0.0978915345868027,0.494243542759759,0.365922082686686,0.453428634027355,0.28981445514327,0.499182627549473,0.668371307237258,NA,NA,0.507044889536652,NA,0.245490031672047,0.326052391686632,0,0.273661206735695,0.23423973665706,0.0941815302692745,0.0417007601047846,0.0570943640748728,0.319162192778984,0.288799206711856,0.547485436134007,NA,NA,0.368428721510581,0.459293543187743,0.14981836712391,0.514375586074558,0.466258444948051,0.217631210691933,0.279432992457143,0.518792834048265,NA
0.559332605208865,0.557193356284698,0.105959420458808,0.0414038027958913,0.573330640076505,0.28481653237912,0.557203242523399,NA,0.201883618913551,NA,NA,NA,0.126208773210243,NA,0.62088210663457,0.235102628999299,0.300917218562529,0.426466350618293,0.595468720526439,0.259260257216631,0.0533475465534655,0.486089092581786,0.513373935102578,NA,0.586355345686505,0.145320996356484,0.236121060036848,0.283283706479765,0.281221980510969,0.255838094205346,0.48762064442708,0.208777328581051,0.539868112364098,0.0371396322832253,0.531712198132216,0.612253728586121,NA,NA,0.573315266973836,NA,0.248820748011647,0.451595324625788,0.273661206735695,0,0.275514871650263,0.227344690185501,0.233802855346596,0.258415786750214,0.264273752961524,0.407236752846196,0.550863769579042,NA,NA,0.447645881923202,0.439406453339981,0.133313508260841,0.486212827525502,0.470883787178278,0.380010590040099,0.410272208321328,0.501728803457911,NA
0.337458280114429,0.284752313499055,0.23609399622103,0.276069342225136,0.363662423366606,0.21183252361822,0.28869542476377,NA,0.186014705738285,NA,NA,NA,0.351639501539615,NA,0.448882128175819,0.115334973673964,0.138093721332705,0.153613345476227,0.412237999025188,0.0217452943976665,0.32590030286503,0.36060430132445,0.38854786923342,NA,0.398459054057966,0.320160305143669,0.0850133939693052,0.195459798487665,0.175949726065459,0.136766174592825,0.263613415037947,0.203527185614691,0.267998638350689,0.260053694277447,0.281782424339348,0.434208689322732,NA,NA,0.308583511196951,NA,0.0360742370034878,0.178499737911331,0.23423973665706,0.275514871650263,0,0.144434314111857,0.209509548310406,0.177285878049236,0.104813653509385,0.135438630586129,0.320806588715317,NA,NA,0.174614706820513,0.225789611437305,0.253213280750365,0.28087466546811,0.237478669035912,0.138871783034734,0.14236919230095,0.286780977753324,NA
0.48115207029966,0.40202810309085,0.139907192530556,0.249493743265306,0.508000032277765,0.318407403189769,0.412851156279214,NA,0.259219459080002,NA,NA,NA,0.251522949835725,NA,0.592088856658387,0.217482327524394,0.267271665126214,0.278108260940604,0.556104400822323,0.148144134980038,0.263245379883815,0.494714105012608,0.523305859953454,NA,0.542536898442023,0.205282134507801,0.190727557572627,0.305253064621463,0.0586590915851923,0.0297546878892568,0.407694782027522,0.277287022965297,0.387326125623862,0.232525193238567,0.420045362984265,0.577829164378675,NA,NA,0.436460542495255,NA,0.151996871920617,0.269003926562848,0.0941815302692745,0.227344690185501,0.144434314111857,0,0.0650769401347137,0.0430475491734092,0.224991883244319,0.226615647615949,0.463625362772121,NA,NA,0.296916757108889,0.37014892310408,0.140077181532069,0.425204316860513,0.38090075535763,0.171600546406389,0.221910339276585,0.431167484104412,NA
0.545978545114382,0.45970258359454,0.130615237520542,0.264329609721782,0.573031559229806,0.375064288978452,0.472360152788559,NA,0.30938577369994,NA,NA,NA,0.22345099981845,NA,0.65684412784529,0.276350944363298,0.329783049676362,0.339229658454368,0.621048172165778,0.21279147876227,0.2580565623055,0.556986891537171,0.585687570451908,NA,0.607536838761791,0.16956610660032,0.2514660008789,0.362986213870326,0.0679394013131234,0.0803688908268178,0.472653473977027,0.326687019175914,0.445738866624835,0.24870648551381,0.483403582321184,0.642703301732177,NA,NA,0.49685450318078,NA,0.215871520996554,0.322579241354894,0.0417007601047846,0.233802855346596,0.209509548310406,0.0650769401347137,0,0.0461120138497074,0.286716430363031,0.282339414442466,0.52819762314381,NA,NA,0.3572684782414,0.435218376961519,0.115487710007958,0.490267326394911,0.44568794732858,0.217961024119125,0.275271639404661,0.496219481006695,NA
0.50969532553375,0.415487815876792,0.161806217985124,0.284237264918263,0.538137666405224,0.360516300761533,0.429048102918569,NA,0.302260809536179,NA,NA,NA,0.264234562814359,NA,0.626131075516508,0.259075764509207,0.306245424993039,0.297405403113528,0.589211498936006,0.184316601262504,0.289134716620458,0.533409788993445,0.561852089937116,NA,0.575225293579962,0.212471270895022,0.231498557578964,0.34704329452298,0.0243097123315691,0.0408034051428258,0.437293243069928,0.320334379922636,0.401883932034837,0.267657215092013,0.443646383229697,0.611327751919869,NA,NA,0.454069150176123,NA,0.189933381748739,0.277308477459676,0.0570943640748728,0.258415786750214,0.177285878049236,0.0430475491734092,0.0461120138497074,0,0.264880874710925,0.237815238908798,0.490950442730935,NA,NA,0.314779939753859,0.402200163589067,0.153360682331817,0.457281402504782,0.409441060279484,0.171935357035004,0.230081728340635,0.461753325842634,NA
0.296684386888568,0.312156634129784,0.266630322149936,0.24905442412403,0.314000582523949,0.107247131328997,0.305565461407487,NA,0.102244765102879,NA,NA,NA,0.369440452145447,NA,0.379156110789834,0.0307524902549757,0.0441343327872742,0.191694387346956,0.347347921163224,0.0873149243966775,0.317609197371131,0.270285239538142,0.299009542738667,NA,0.335808811657437,0.353350394212375,0.0363662423366606,0.0906917523899624,0.269416441726246,0.227317550800337,0.223849027522862,0.115821118533577,0.294319153737564,0.236828285694765,0.269151325985724,0.367116625776141,NA,NA,0.317281574776626,NA,0.0771715792898986,0.24729379814864,0.319162192778984,0.264273752961524,0.104813653509385,0.224991883244319,0.286716430363031,0.264880874710925,0,0.212216002691675,0.286939978986621,NA,NA,0.211065563192551,0.176382493527442,0.292937635559987,0.226371462752986,0.206650415505458,0.238951235519261,0.224850813889812,0.239705269291809,NA
