"Abraham Lincoln","Adolf Hitler","Albert Einstein","Alexander the Great","Andrew Jackson","Barack Obama","Benito Mussolini","Benjamin Franklin","Bill Clinton","Bill Gates","Charlemagne","Christopher Columbus","Cleopatra","Constantine the Great","Dwight D. Eisenhower","Elizabeth I of England","Elizabeth II","Fidel Castro","Franklin D. Roosevelt","Gautama Buddha","Genghis Khan","George H. W. Bush","George W. Bush","George Washington","Harry Truman","Henry Ford","Henry VIII of England","Hillary Clinton","Jesus Christ","Joan of Arc","John Adams","John F. Kennedy","Joseph Stalin","Julius Caesar","Karl Marx","Lyndon B. Johnson","Mahatma Gandhi","Malcolm X","Mao Zedong","Margaret Thatcher","Martin Luther King Jr.","Mikhail Gorbachev","Mother Teresa","Napoleon Bonaparte","Nelson Mandela","Pope Francis","Pope John Paul II","Prophet Muhammad","Queen Victoria","Richard Nixon","Robert E. Lee","Ronald Reagan","Rosa Parks","Saddam Hussein","Theodore Roosevelt","Thomas Edison","Thomas Jefferson","Ulysses S. Grant","Vladimir Lenin","Vladimir Putin","Winston Churchill","Woodrow Wilson"
0,NA,0.312960472309365,0.462480199489946,0.400739432242494,0.178549272979105,0.558075246972248,0.098489852940501,0.26971612061935,0.203649967223736,0.50735907461177,0.564491684430701,0.405330157852738,0.488035388059833,0.157603990412362,0.487452841627966,0.514367299814293,0.395479972648449,0.251123812924369,NA,0.447123594654711,NA,NA,0.0209766067324313,NA,0.209285869668937,0.521441875130801,NA,0.453751997823214,0.481103681692577,NA,0.224940697072226,0.551691662978535,NA,0.371392295589689,0.222690604194487,0.448407692235379,0.403606112878316,NA,0.372955227830539,0.317681215727727,0.341776001462486,0.373610743786463,0.408860129935858,0.325655218179142,0.464648902586083,0.39083670801457,0.376073021060125,NA,0.443096417461369,0.372641437792324,0.404767781847397,0.410517672047499,0.602021571656985,0.228146692515399,0.319866202522815,NA,0.13439769392289,NA,0.504831876307331,0.348497263053086,0.131874590899837
NA,0,NA,NA,NA,NA,NA,NA,NA,NA,NA,NA,NA,NA,NA,NA,NA,NA,NA,NA,NA,NA,NA,NA,NA,NA,NA,NA,NA,NA,NA,NA,NA,NA,NA,NA,NA,NA,NA,NA,NA,NA,NA,NA,NA,NA,NA,NA,NA,NA,NA,NA,NA,NA,NA,NA,NA,NA,NA,NA,NA,NA
0.312960472309365,NA,0,0.368081102297572,0.397336535869943,0.478096173802759,0.763208896052104,0.214643970730967,0.574784138336946,0.109775185453288,0.73230189907595,0.787092965435575,0.602770724495819,0.401162346689659,0.466128241092471,0.332317418441182,0.354935639828466,0.516611104623106,0.561775933869997,NA,0.654081458749818,NA,NA,0.317353353807745,NA,0.104112768400792,0.739989319986302,NA,0.216979997669594,0.27149486056725,NA,0.532423365317926,0.73776300666844,NA,0.510754923393392,0.535581195669026,0.227958452638039,0.123676968819109,NA,0.385100213363998,0.098416272707782,0.493546430167447,0.217428397082989,0.580812860529453,0.112615177469869,0.249497767649654,0.238327271594483,0.196324815036729,NA,0.432209237723263,0.444537029381005,0.434378361262644,0.138573064305369,0.813847572838572,0.54000541771966,0.0185318295466744,NA,0.445535399568386,NA,0.695856087630108,0.434645113983816,0.444721679639199
0.462480199489946,NA,0.368081102297572,0,0.120923737898853,0.522829292403196,0.570618342760673,0.405721174960024,0.605139879140618,0.382972851441301,0.572976216825022,0.613394634938074,0.443285904658379,0.033094041893288,0.539068034950063,0.08657558267793,0.0977982079169333,0.303090678351708,0.618674606816313,NA,0.490243189241036,NA,NA,0.448644575324288,NA,0.366222021130443,0.570091948255878,NA,0.215306694452248,0.169575100968027,NA,0.582100260670907,0.526492852825657,NA,0.321683750438043,0.619307448571123,0.190945864716337,0.293494285204028,NA,0.141657928114658,0.26970418319653,0.329009298376977,0.151154450494985,0.397961331220287,0.255498253982917,0.179775761169353,0.131473176261651,0.175016059154666,NA,0.117680765562782,0.219127130271097,0.16626605498078,0.279138085522635,0.620763129537677,0.609798661602994,0.351398441347949,NA,0.535647818937314,NA,0.500295583282394,0.234054925452399,0.548376610938595
0.400739432242494,NA,0.397336535869943,0.120923737898853,0,0.426436610819827,0.452920459017536,0.367561740980729,0.501144347169635,0.377610896364512,0.452609349589666,0.494241236175586,0.322368619038206,0.123494605544432,0.448063510261101,0.2024475153179,0.217840158635186,0.182993019807441,0.519332101692857,NA,0.369581816164176,NA,NA,0.383502125288052,NA,0.362488578410098,0.450301055266737,NA,0.303563904701976,0.272221237831896,NA,0.483084400607031,0.410774446324609,NA,0.200762674689915,0.525750343575313,0.280165624702638,0.357297596513312,NA,0.0291729200272468,0.304108748600107,0.208823841061702,0.207202512417691,0.277366766359194,0.292979155414355,0.27585458527309,0.196889787555434,0.234127132967987,NA,0.0428266731702849,0.0982033979050952,0.0485742991104819,0.346547844874964,0.50369271087815,0.513638603740536,0.383951713928797,NA,0.449146043662457,NA,0.38203010962194,0.114259005366617,0.464287288724401
0.178549272979105,NA,0.478096173802759,0.522829292403196,0.426436610819827,0,0.418356308547511,0.267976639102198,0.0974298931867029,0.372722789470801,0.358296432398194,0.41348787794006,0.288188011459758,0.539938338307106,0.0389347630544963,0.572685351550471,0.597793796744438,0.340480605709335,0.0970048790211481,NA,0.316349919328152,NA,NA,0.166416061492762,NA,0.374657756638012,0.375578999520143,NA,0.578598694585861,0.591400685186764,NA,0.060959051207718,0.424952318183598,NA,0.308995161500381,0.100102975592041,0.567374157414405,0.550181977352633,NA,0.397537036162879,0.460233075849281,0.278449989282402,0.480681887924624,0.311534089661169,0.464314448425502,0.57934664376803,0.492481953727503,0.491688086534867,NA,0.462709878252358,0.359280543234253,0.409597716209505,0.55352596468655,0.455540114380907,0.0873223367507453,0.481736793790882,NA,0.0628999683512486,NA,0.379113518666416,0.333167301442049,0.0813641501042808
0.558075246972248,NA,0.763208896052104,0.570618342760673,0.452920459017536,0.418356308547511,0,0.608988546823383,0.397794095636063,0.688009770926565,0.0688933381625986,0.0527475983222393,0.161232575022563,0.562885256489085,0.45706713413638,0.654986552317822,0.668390212675207,0.271766492299343,0.440255292499702,NA,0.112362350532023,NA,NA,0.538345860615742,NA,0.680704664351247,0.047974044439452,NA,0.745768001024759,0.722830813348468,NA,0.424898648038038,0.0529151884758556,NA,0.263298146294886,0.480481462013691,0.724234013943204,0.774169813245312,NA,0.441052311636555,0.696198392717145,0.272874897360612,0.639170581941085,0.185805563191431,0.691089496443623,0.723668092099711,0.636007776641719,0.663448960971855,NA,0.45469178333047,0.35890396854932,0.405156030599213,0.768264620114148,0.0517773149064454,0.458102037854959,0.757342233317084,NA,0.480737701989502,NA,0.0713535603287892,0.3539561251127,0.499670951419234
0.098489852940501,NA,0.214643970730967,0.405721174960024,0.367561740980729,0.267976639102198,0.608988546823383,0,0.363033674880756,0.105914006290067,0.565635526559634,0.622626209646841,0.449636808749408,0.434677212069364,0.252591793910703,0.416373754963964,0.443337954049969,0.407706830879102,0.347725751698764,NA,0.496626776291085,NA,NA,0.103308197434117,NA,0.110809067619091,0.57726816359544,NA,0.364706011159048,0.39790874050847,NA,0.319514552149319,0.594835013653715,NA,0.389765008007773,0.320951445933367,0.362019005599912,0.307407283611755,NA,0.342879539094488,0.224079055909616,0.363727727854055,0.295604828590248,0.442466835058448,0.233516678804017,0.379818453431685,0.314962741062722,0.293440344215919,NA,0.410245695168362,0.364265077616146,0.383160561268854,0.315314362335127,0.656276443349863,0.325543150023474,0.221378295255933,NA,0.231167860919937,NA,0.549018645293458,0.343849251933968,0.230090594142402
0.26971612061935,NA,0.574784138336946,0.605139879140618,0.501144347169635,0.0974298931867029,0.397794095636063,0.363033674880756,0,0.468478823053801,0.331203801719443,0.380907573200244,0.299255517319499,0.619482016380784,0.11240293653679,0.660514561969745,0.684882507773219,0.387031531233358,0.0428266731702849,NA,0.312106284639067,NA,NA,0.260143754518707,NA,0.471056383713218,0.351006531291566,NA,0.67378636514288,0.684225617416498,NA,0.0458931788302321,0.416337668018383,NA,0.354502231878434,0.08657558267793,0.661783948412437,0.647458902756255,NA,0.473072932567258,0.557459045368436,0.326763111799197,0.573932081234928,0.335220160123916,0.561322987329248,0.673009421563178,0.584678946863276,0.586136402460904,NA,0.534034006478571,0.423388052197975,0.477841886269535,0.650613053102083,0.426107424720026,0.0648944875284487,0.578780905063784,NA,0.137679536490696,NA,0.374314573168907,0.398295591733127,0.147618047762021
0.203649967223736,NA,0.109775185453288,0.382972851441301,0.377610896364512,0.372722789470801,0.688009770926565,0.105914006290067,0.468478823053801,0,0.650615115028526,0.706812655023174,0.526829085121464,0.41502869069228,0.358452155522654,0.371571414195291,0.397402030254543,0.460932113146926,0.453638453965991,NA,0.576486801537287,NA,NA,0.209197393233472,NA,0.0169118810161555,0.660347184702391,NA,0.289099881983852,0.332890964773557,NA,0.425264733277613,0.668087876751777,NA,0.449072561879633,0.426337818745856,0.292189607234414,0.21508351856813,NA,0.358449161485171,0.144851248305771,0.427250616816991,0.246759895936668,0.511849018855156,0.157991658863802,0.312376099630323,0.268388824905622,0.235617883422173,NA,0.417823024964641,0.401036589626264,0.405080530132704,0.22592496869718,0.737223483960575,0.431367892658296,0.118681954931698,NA,0.337049639976234,NA,0.623896996183839,0.385646048207773,0.335520968224764
0.50735907461177,NA,0.73230189907595,0.572976216825022,0.452609349589666,0.358296432398194,0.0688933381625986,0.565635526559634,0.331203801719443,0.650615115028526,0,0.0572128032643898,0.135295048129245,0.569181489027484,0.396534874148135,0.654626386462777,0.670394697007441,0.269895118602785,0.373880665771383,NA,0.0840629659269944,NA,NA,0.488350300514255,NA,0.644672316309012,0.0209766067324313,NA,0.733934518056585,0.716298513538255,NA,0.360314838920403,0.106055771838301,NA,0.253630616364864,0.415042266344255,0.71356117219161,0.753627457996556,NA,0.436778799383007,0.671907413266125,0.255276582624994,0.625723732592681,0.175380539149024,0.668152932683821,0.715038476713972,0.62489733858175,0.648630580198939,NA,0.460811604897144,0.355130614165674,0.406876145863218,0.749123923995156,0.0972617655494626,0.392631180114716,0.727915603636075,NA,0.421127926391733,NA,0.0895881475910734,0.345291333332508,0.439580748942492
0.564491684430701,NA,0.787092965435575,0.613394634938074,0.494241236175586,0.41348787794006,0.0527475983222393,0.622626209646841,0.380907573200244,0.706812655023174,0.0572128032643898,0,0.186086930618059,0.607294391480749,0.451413885614626,0.696687273282454,0.711161977060504,0.311484995468248,0.42373264819269,NA,0.134013848239227,NA,NA,0.54552605995712,NA,0.700603652963955,0.0472470802405339,NA,0.781819280557837,0.76165382629986,NA,0.41243730567505,0.105548591982481,NA,0.299050132188855,0.466030954445294,0.760894670028262,0.805121154490357,NA,0.480468060085502,0.724655110734344,0.304298375868425,0.67419479751576,0.220175176462499,0.720430832389957,0.761413896320109,0.672319381537495,0.697725535862014,NA,0.498792248004073,0.398251129701724,0.447235792923695,0.800082700333793,0.0461496975797785,0.443655565007234,0.782300612021471,NA,0.476384279770986,NA,0.114277789470212,0.390822978066276,0.494587459432617
0.405330157852738,NA,0.602770724495819,0.443285904658379,0.322368619038206,0.288188011459758,0.161232575022563,0.449636808749408,0.299255517319499,0.526829085121464,0.135295048129245,0.186086930618059,0,0.442298835505672,0.326669493516576,0.522926273756321,0.539902559212656,0.143374874034058,0.337288366259806,NA,0.0520924503886591,NA,NA,0.38494342139907,NA,0.519472090146875,0.138903758078955,NA,0.598724828525044,0.582037571702239,NA,0.312238643418247,0.146508807769501,NA,0.121609615849518,0.369541159855578,0.578479971903888,0.619168798876769,NA,0.304468498822816,0.53861691399593,0.120102215940953,0.490450567115854,0.0504545863702902,0.534343903130528,0.580286466480633,0.489825431338936,0.513339204852772,NA,0.335236967692901,0.224174824379631,0.278745645686073,0.614343513627046,0.21118994629185,0.348419495741515,0.597376694552586,NA,0.346726643173234,NA,0.099874892226821,0.211895132325859,0.366456386373658
0.488035388059833,NA,0.401162346689659,0.033094041893288,0.123494605544432,0.539938338307106,0.562885256489085,0.434677212069364,0.619482016380784,0.41502869069228,0.569181489027484,0.607294391480749,0.442298835505672,0,0.557974757803809,0.106641078606081,0.110418547729409,0.299964760714097,0.634925639190366,NA,0.487537048578146,NA,NA,0.473491871484765,NA,0.398329945358215,0.565105440154621,NA,0.243609428535653,0.194326193035371,NA,0.598405678329119,0.517119820376767,NA,0.321282316909554,0.637594927716656,0.219424462646687,0.324976450339462,NA,0.148610729272418,0.302792210311812,0.331643386887864,0.184134558520285,0.395368695220065,0.288571329447055,0.206621589040837,0.164233275045225,0.207710779311509,NA,0.10853635904643,0.219688420259647,0.163570298813218,0.310307863212411,0.612256318098293,0.627188477795359,0.384452423716434,NA,0.555862702209585,NA,0.493427362152301,0.237587613232813,0.569288954686617
0.157603990412362,NA,0.466128241092471,0.539068034950063,0.448063510261101,0.0389347630544963,0.45706713413638,0.252591793910703,0.11240293653679,0.358452155522654,0.396534874148135,0.451413885614626,0.326669493516576,0.557974757803809,0,0.584173489820243,0.609858056998141,0.373418951995269,0.0960067941030272,NA,0.355279417876073,NA,NA,0.149288021019299,NA,0.3620486496449,0.414022857183211,NA,0.580537938106524,0.597191621646572,NA,0.0673374497474297,0.463884329489097,NA,0.342477097263253,0.0810469654968024,0.570803100714185,0.545522125338203,NA,0.418943353256093,0.456246342050619,0.311585759402181,0.486346894564331,0.348792774551452,0.461522555672053,0.58395344958854,0.499552269003997,0.495368014326008,NA,0.485840196259739,0.3864633549849,0.434573502018909,0.550030293089992,0.493796433881127,0.076930114412987,0.471184521489776,NA,0.0269548948591041,NA,0.418023326723458,0.360214298929805,0.0432629916856325
0.487452841627966,NA,0.332317418441182,0.08657558267793,0.2024475153179,0.572685351550471,0.654986552317822,0.416373754963964,0.660514561969745,0.371571414195291,0.654626386462777,0.696687273282454,0.522926273756321,0.106641078606081,0.584173489820243,0,0.0270145516525327,0.385378797126235,0.669627040582083,NA,0.571229273282369,NA,NA,0.47659431024283,NA,0.354736020272927,0.65267583662082,NA,0.144197775111995,0.0894172778026758,NA,0.633250031331047,0.611736805609392,NA,0.40161220742225,0.665206613780857,0.12138436767967,0.236404566954792,NA,0.218472311504199,0.238212414528707,0.405840852726726,0.124888067250999,0.479251394531874,0.223272979009285,0.104844654798764,0.103523533882112,0.138404513333962,NA,0.20406060532247,0.299507347677051,0.249833059374665,0.220234879368874,0.705487379654177,0.658067932028174,0.314230996479177,NA,0.577204949823504,NA,0.584282330856908,0.311382475625665,0.587755971593529
0.514367299814293,NA,0.354935639828466,0.0977982079169333,0.217840158635186,0.597793796744438,0.668390212675207,0.443337954049969,0.684882507773219,0.397402030254543,0.670394697007441,0.711161977060504,0.539902559212656,0.110418547729409,0.609858056998141,0.0270145516525327,0,0.400590101118548,0.694667506108199,NA,0.587420356932673,NA,NA,0.503407117003935,NA,0.380603864341744,0.667744822804839,NA,0.158303821885672,0.0996355159711773,NA,0.658236296477869,0.624037604998181,NA,0.418329371898085,0.690864284667816,0.137173880398905,0.254472327804997,NA,0.236167246543982,0.262263856818011,0.424094678757808,0.151040805856584,0.495203332967153,0.247353937638218,0.118328760997644,0.129929470661468,0.163080758099944,NA,0.214621469659469,0.315825344319232,0.263961705247019,0.237916007661489,0.71846885316654,0.683447193672863,0.336687248737149,NA,0.603232579311099,NA,0.598093535442727,0.32923429658546,0.61397611187341
0.395479972648449,NA,0.516611104623106,0.303090678351708,0.182993019807441,0.340480605709335,0.271766492299343,0.407706830879102,0.387031531233358,0.460932113146926,0.269895118602785,0.311484995468248,0.143374874034058,0.299964760714097,0.373418951995269,0.385378797126235,0.400590101118548,0,0.416711918096262,NA,0.187599022626083,NA,NA,0.374683536432761,NA,0.449912405229892,0.267309998343348,NA,0.474873047153076,0.45109519459215,NA,0.384217164404786,0.233278720755771,NA,0.0325298278727642,0.437394486437803,0.452974362923377,0.509971087617986,NA,0.169356615027316,0.438353427355916,0.0620409908677694,0.369537529610508,0.0954096805759769,0.431194946598565,0.451976396827996,0.36513024664989,0.394626270441361,NA,0.192211904678105,0.0871439456824045,0.137015357781696,0.502555768162859,0.323150853411221,0.419716918324772,0.507726474296654,NA,0.385232565770592,NA,0.200459077318455,0.0849266709617214,0.40419068374218
0.251123812924369,NA,0.561775933869997,0.618674606816313,0.519332101692857,0.0970048790211481,0.440255292499702,0.347725751698764,0.0428266731702849,0.453638453965991,0.373880665771383,0.42373264819269,0.337288366259806,0.634925639190366,0.0960067941030272,0.669627040582083,0.694667506108199,0.416711918096262,0,NA,0.352716876975872,NA,NA,0.24451527177436,NA,0.457665494229556,0.393605791242089,NA,0.673742561401275,0.687889259414727,NA,0.0365754307246308,0.457863015853617,NA,0.384301650937188,0.0453107022140533,0.663125356121828,0.641173517358664,NA,0.49072456538108,0.551703821070566,0.355413061476306,0.577085475480765,0.370880464862983,0.556657590109563,0.675504411251545,0.589198985418517,0.587484298316493,NA,0.554128140886911,0.446589817348694,0.499334163543266,0.645416859539857,0.46891388253992,0.0262284316611062,0.567061966321394,NA,0.116758339402008,NA,0.415276861047611,0.420926552338104,0.121664760102953
NA,NA,NA,NA,NA,NA,NA,NA,NA,NA,NA,NA,NA,NA,NA,NA,NA,NA,NA,0,NA,NA,NA,NA,NA,NA,NA,NA,NA,NA,NA,NA,NA,NA,NA,NA,NA,NA,NA,NA,NA,NA,NA,NA,NA,NA,NA,NA,NA,NA,NA,NA,NA,NA,NA,NA,NA,NA,NA,NA,NA,NA
0.447123594654711,NA,0.654081458749818,0.490243189241036,0.369581816164176,0.316349919328152,0.112362350532023,0.496626776291085,0.312106284639067,0.576486801537287,0.0840629659269944,0.134013848239227,0.0520924503886591,0.487537048578146,0.355279417876073,0.571229273282369,0.587420356932673,0.187599022626083,0.352716876975872,NA,0,NA,NA,0.427158922295747,NA,0.56955093505043,0.086813883004134,NA,0.650022248185678,0.632260782608464,NA,0.331851237991281,0.108617904959203,NA,0.169817006785032,0.388982230331327,0.629566321392617,0.671251415437802,NA,0.353106888740568,0.590650738669745,0.171435074475299,0.541915918471593,0.092302301998237,0.586423798722318,0.630978351153148,0.540902983225287,0.565002877252812,NA,0.379538616026334,0.271758594119597,0.324520393836832,0.666383725114784,0.160737583857563,0.36705918810658,0.648922135354888,NA,0.377380614593042,NA,0.0631511350052748,0.261329188355442,0.396804753940513
NA,NA,NA,NA,NA,NA,NA,NA,NA,NA,NA,NA,NA,NA,NA,NA,NA,NA,NA,NA,NA,0,NA,NA,NA,NA,NA,NA,NA,NA,NA,NA,NA,NA,NA,NA,NA,NA,NA,NA,NA,NA,NA,NA,NA,NA,NA,NA,NA,NA,NA,NA,NA,NA,NA,NA,NA,NA,NA,NA,NA,NA
NA,NA,NA,NA,NA,NA,NA,NA,NA,NA,NA,NA,NA,NA,NA,NA,NA,NA,NA,NA,NA,NA,0,NA,NA,NA,NA,NA,NA,NA,NA,NA,NA,NA,NA,NA,NA,NA,NA,NA,NA,NA,NA,NA,NA,NA,NA,NA,NA,NA,NA,NA,NA,NA,NA,NA,NA,NA,NA,NA,NA,NA
0.0209766067324313,NA,0.317353353807745,0.448644575324288,0.383502125288052,0.166416061492762,0.538345860615742,0.103308197434117,0.260143754518707,0.209197393233472,0.488350300514255,0.54552605995712,0.38494342139907,0.473491871484765,0.149288021019299,0.47659431024283,0.503407117003935,0.374683536432761,0.24451527177436,NA,0.427158922295747,NA,NA,0,NA,0.213248189175254,0.502166954269485,NA,0.448748022881545,0.473759820626898,NA,0.216291390721078,0.531368099675351,NA,0.350471054242387,0.219256880394515,0.442335230714097,0.402914162949046,NA,0.355454578916086,0.315549125691104,0.320820172826139,0.365126572549631,0.388011909845086,0.322685565128574,0.457936844786628,0.381653485659683,0.368997678213376,NA,0.42566076021614,0.352988334267397,0.386192501064242,0.409016937312739,0.582653106314159,0.222695423450776,0.323130926226371,NA,0.128201975942151,NA,0.484538463479598,0.328641306749482,0.128769964804179
NA,NA,NA,NA,NA,NA,NA,NA,NA,NA,NA,NA,NA,NA,NA,NA,NA,NA,NA,NA,NA,NA,NA,NA,0,NA,NA,NA,NA,NA,NA,NA,NA,NA,NA,NA,NA,NA,NA,NA,NA,NA,NA,NA,NA,NA,NA,NA,NA,NA,NA,NA,NA,NA,NA,NA,NA,NA,NA,NA,NA,NA
0.209285869668937,NA,0.104112768400792,0.366222021130443,0.362488578410098,0.374657756638012,0.680704664351247,0.110809067619091,0.471056383713218,0.0169118810161555,0.644672316309012,0.700603652963955,0.519472090146875,0.398329945358215,0.3620486496449,0.354736020272927,0.380603864341744,0.449912405229892,0.457665494229556,NA,0.56955093505043,NA,NA,0.213248189175254,NA,0,0.653953053803246,NA,0.274016028658689,0.316897333231754,NA,0.428447122059767,0.65969840003438,NA,0.438946735274037,0.431711712469139,0.27650644793657,0.2028010616881,NA,0.343821940542152,0.129511669979692,0.417846141606375,0.229903945890924,0.503108028881279,0.142304210453141,0.296531893746139,0.251516681203898,0.21900220380346,NA,0.402418422582518,0.388251780335073,0.390822978066276,0.212940973023582,0.730254982156324,0.435919808126894,0.110668542233553,NA,0.341439844230746,NA,0.615884120520067,0.373495824201673,0.34085628140302
0.521441875130801,NA,0.739989319986302,0.570091948255878,0.450301055266737,0.375578999520143,0.047974044439452,0.57726816359544,0.351006531291566,0.660347184702391,0.0209766067324313,0.0472470802405339,0.138903758078955,0.565105440154621,0.414022857183211,0.65267583662082,0.667744822804839,0.267309998343348,0.393605791242089,NA,0.086813883004134,NA,NA,0.502166954269485,NA,0.653953053803246,0,NA,0.735592328794014,0.716301510089112,NA,0.379320114656343,0.0869497613902236,NA,0.253355425530355,0.434403067470025,0.714839952640693,0.758027789861565,NA,0.435642134326886,0.677424083726026,0.257553472580501,0.627769999824973,0.174490977552066,0.673235026773696,0.715686579927677,0.626214932397033,0.651132452065196,NA,0.456581417521739,0.353576915009965,0.403826090522651,0.753078993281384,0.0807816936437118,0.411997962554148,0.735123481961458,NA,0.438293440236127,NA,0.0771390883068714,0.345213621022077,0.456933863090011
NA,NA,NA,NA,NA,NA,NA,NA,NA,NA,NA,NA,NA,NA,NA,NA,NA,NA,NA,NA,NA,NA,NA,NA,NA,NA,NA,0,NA,NA,NA,NA,NA,NA,NA,NA,NA,NA,NA,NA,NA,NA,NA,NA,NA,NA,NA,NA,NA,NA,NA,NA,NA,NA,NA,NA,NA,NA,NA,NA,NA,NA
0.453751997823214,NA,0.216979997669594,0.215306694452248,0.303563904701976,0.578598694585861,0.745768001024759,0.364706011159048,0.67378636514288,0.289099881983852,0.733934518056585,0.781819280557837,0.598724828525044,0.243609428535653,0.580537938106524,0.144197775111995,0.158303821885672,0.474873047153076,0.673742561401275,NA,0.650022248185678,NA,NA,0.448748022881545,NA,0.274016028658689,0.735592328794014,NA,0,0.0601794236421367,NA,0.63908326412866,0.708000932301609,NA,0.483053852800495,0.659734595926572,0.0243946214403277,0.100696239030536,NA,0.30798278989414,0.144562005342234,0.478659839338202,0.108763546795757,0.561756829581413,0.132621186961771,0.0399752010529133,0.109775185453288,0.0893722577723977,NA,0.320770827006333,0.388426578124916,0.351526691187432,0.0837079376414565,0.797424700761047,0.657378125684743,0.198571007336967,NA,0.567340108552394,NA,0.674457401064543,0.391820576136806,0.573421362211465
0.481103681692577,NA,0.27149486056725,0.169575100968027,0.272221237831896,0.591400685186764,0.722830813348468,0.39790874050847,0.684225617416498,0.332890964773557,0.716298513538255,0.76165382629986,0.582037571702239,0.194326193035371,0.597191621646572,0.0894172778026758,0.0996355159711773,0.45109519459215,0.687889259414727,NA,0.632260782608464,NA,NA,0.473759820626898,NA,0.316897333231754,0.716301510089112,NA,0.0601794236421367,0,NA,0.652333726240209,0.682321935070542,NA,0.462981749403994,0.677634361375545,0.0435719728412022,0.160070186262945,NA,0.28178132817386,0.188999678092098,0.462368799021253,0.110867163953536,0.541811441870035,0.175135594142412,0.0220370064906464,0.0999903406011141,0.105082377798388,NA,0.282667357438107,0.363952641497135,0.320794246307863,0.143114520863965,0.774091137961803,0.673358957883512,0.252963291654759,NA,0.586373011223792,NA,0.651549732086277,0.371135022606966,0.594265960320328
NA,NA,NA,NA,NA,NA,NA,NA,NA,NA,NA,NA,NA,NA,NA,NA,NA,NA,NA,NA,NA,NA,NA,NA,NA,NA,NA,NA,NA,NA,0,NA,NA,NA,NA,NA,NA,NA,NA,NA,NA,NA,NA,NA,NA,NA,NA,NA,NA,NA,NA,NA,NA,NA,NA,NA,NA,NA,NA,NA,NA,NA
0.224940697072226,NA,0.532423365317926,0.582100260670907,0.483084400607031,0.060959051207718,0.424898648038038,0.319514552149319,0.0458931788302321,0.425264733277613,0.360314838920403,0.41243730567505,0.312238643418247,0.598405678329119,0.0673374497474297,0.633250031331047,0.658236296477869,0.384217164404786,0.0365754307246308,NA,0.331851237991281,NA,NA,0.216291390721078,NA,0.428447122059767,0.379320114656343,NA,0.63908326412866,0.652333726240209,NA,0,0.438805515130608,NA,0.351961476313495,0.0573673504708103,0.628093024829618,0.608641276588571,NA,0.454423218467459,0.518904670982288,0.322552502339945,0.541594501929608,0.342954650989895,0.523443204175168,0.640199026904991,0.553440647845756,0.552416789364419,NA,0.518155430463801,0.411416006958825,0.463676064185148,0.612455676271513,0.456738289384183,0.036428422771497,0.537015521598052,NA,0.0919615783563694,NA,0.394904248812428,0.385628654685347,0.101803901834497
0.551691662978535,NA,0.73776300666844,0.526492852825657,0.410774446324609,0.424952318183598,0.0529151884758556,0.594835013653715,0.416337668018383,0.668087876751777,0.106055771838301,0.105548591982481,0.146508807769501,0.517119820376767,0.463884329489097,0.611736805609392,0.624037604998181,0.233278720755771,0.457863015853617,NA,0.108617904959203,NA,NA,0.531368099675351,NA,0.65969840003438,0.0869497613902236,NA,0.708000932301609,0.682321935070542,NA,0.438805515130608,0,NA,0.22978371086478,0.49561818188469,0.685906563819685,0.741493938370992,NA,0.40102588507652,0.666341448002239,0.244245189762024,0.602785413187716,0.157051447020751,0.660345559472431,0.684244047160521,0.598308823826074,0.627743073571477,NA,0.409581339833983,0.319627894633627,0.362467853018542,0.734726278916406,0.095987229684294,0.473491871484765,0.73082351299586,NA,0.485973269505573,NA,0.0469394268622596,0.317533381771673,0.505413502380225
NA,NA,NA,NA,NA,NA,NA,NA,NA,NA,NA,NA,NA,NA,NA,NA,NA,NA,NA,NA,NA,NA,NA,NA,NA,NA,NA,NA,NA,NA,NA,NA,NA,0,NA,NA,NA,NA,NA,NA,NA,NA,NA,NA,NA,NA,NA,NA,NA,NA,NA,NA,NA,NA,NA,NA,NA,NA,NA,NA,NA,NA
0.371392295589689,NA,0.510754923393392,0.321683750438043,0.200762674689915,0.308995161500381,0.263298146294886,0.389765008007773,0.354502231878434,0.449072561879633,0.253630616364864,0.299050132188855,0.121609615849518,0.321282316909554,0.342477097263253,0.40161220742225,0.418329371898085,0.0325298278727642,0.384301650937188,NA,0.169817006785032,NA,NA,0.350471054242387,NA,0.438946735274037,0.253355425530355,NA,0.483053852800495,0.462981749403994,NA,0.351961476313495,0.22978371086478,NA,0,0.405412229929957,0.4619246710047,0.511951748843877,NA,0.18331822640087,0.436744398451378,0.0311908501358746,0.375983831101925,0.078896421354452,0.43058721903345,0.462389688653508,0.373418951995269,0.400154513074993,NA,0.215243131599864,0.102565347760788,0.157780939782603,0.505528155078071,0.315069205377091,0.387555262289406,0.502911738994684,NA,0.355021804483557,NA,0.192310986223084,0.0918594069021585,0.374153978516065
0.222690604194487,NA,0.535581195669026,0.619307448571123,0.525750343575313,0.100102975592041,0.480481462013691,0.320951445933367,0.08657558267793,0.426337818745856,0.415042266344255,0.466030954445294,0.369541159855578,0.637594927716656,0.0810469654968024,0.665206613780857,0.690864284667816,0.437394486437803,0.0453107022140533,NA,0.388982230331327,NA,NA,0.219256880394515,NA,0.431711712469139,0.434403067470025,NA,0.659734595926572,0.677634361375545,NA,0.0573673504708103,0.49561818188469,NA,0.405412229929957,0,0.650577174535846,0.621072951001724,NA,0.496749938506198,0.532564950595555,0.375438241568275,0.566842383591933,0.399578138312752,0.538572578199098,0.664090445410039,0.580312358297137,0.575314167770542,NA,0.562491876302234,0.459308717593604,0.509663217138903,0.62636829979624,0.510846318818221,0.0224112579529235,0.542058489104973,NA,0.0927430820704765,NA,0.45197936493427,0.43322115411705,0.0908609054333572
0.448407692235379,NA,0.227958452638039,0.190945864716337,0.280165624702638,0.567374157414405,0.724234013943204,0.362019005599912,0.661783948412437,0.292189607234414,0.71356117219161,0.760894670028262,0.578479971903888,0.219424462646687,0.570803100714185,0.12138436767967,0.137173880398905,0.452974362923377,0.663125356121828,NA,0.629566321392617,NA,NA,0.442335230714097,NA,0.27650644793657,0.714839952640693,NA,0.0243946214403277,0.0435719728412022,NA,0.628093024829618,0.685906563819685,NA,0.4619246710047,0.650577174535846,0,0.117947215498381,NA,0.285370995735793,0.147532598023108,0.458377812672519,0.0908461397055546,0.540737780271772,0.134215903910852,0.0215444972306644,0.0886639595959041,0.0756889695249629,NA,0.296670296682669,0.366279161479946,0.328290883131536,0.101156144781617,0.775831909401281,0.647456830778366,0.209428122895041,NA,0.558547159785489,NA,0.652892441206106,0.370425876254453,0.565385019454582
0.403606112878316,NA,0.123676968819109,0.293494285204028,0.357297596513312,0.550181977352633,0.774169813245312,0.307407283611755,0.647458902756255,0.21508351856813,0.753627457996556,0.805121154490357,0.619168798876769,0.324976450339462,0.545522125338203,0.236404566954792,0.254472327804997,0.509971087617986,0.641173517358664,NA,0.671251415437802,NA,NA,0.402914162949046,NA,0.2028010616881,0.758027789861565,NA,0.100696239030536,0.160070186262945,NA,0.608641276588571,0.741493938370992,NA,0.511951748843877,0.621072951001724,0.117947215498381,0,NA,0.353981138688869,0.090101790512901,0.501585842869249,0.150918186864285,0.588369627899449,0.0883942287524912,0.138544018422575,0.16547020946644,0.123945681361383,NA,0.38340976504227,0.427698130243358,0.401954111952658,0.0169910198714774,0.82586932559104,0.621995019090525,0.10639927321329,NA,0.528559832338594,NA,0.703822320542429,0.42504448873412,0.531406977860497
NA,NA,NA,NA,NA,NA,NA,NA,NA,NA,NA,NA,NA,NA,NA,NA,NA,NA,NA,NA,NA,NA,NA,NA,NA,NA,NA,NA,NA,NA,NA,NA,NA,NA,NA,NA,NA,NA,0,NA,NA,NA,NA,NA,NA,NA,NA,NA,NA,NA,NA,NA,NA,NA,NA,NA,NA,NA,NA,NA,NA,NA
0.372955227830539,NA,0.385100213363998,0.141657928114658,0.0291729200272468,0.397537036162879,0.441052311636555,0.342879539094488,0.473072932567258,0.358449161485171,0.436778799383007,0.480468060085502,0.304468498822816,0.148610729272418,0.418943353256093,0.218472311504199,0.236167246543982,0.169356615027316,0.49072456538108,NA,0.353106888740568,NA,NA,0.355454578916086,NA,0.343821940542152,0.435642134326886,NA,0.30798278989414,0.28178132817386,NA,0.454423218467459,0.40102588507652,NA,0.18331822640087,0.496749938506198,0.285370995735793,0.353981138688869,NA,0,0.294657546693359,0.187941956611986,0.206437115881664,0.261483146282058,0.284517906193644,0.283218297137602,0.199001564568316,0.232833190313538,NA,0.0702164394247814,0.0822594598191787,0.0493850222478163,0.344357628128289,0.492318486897616,0.484777062535554,0.372636397723645,NA,0.419973178997021,NA,0.369785030657324,0.0930780625333195,0.435128186478336
0.317681215727727,NA,0.098416272707782,0.26970418319653,0.304108748600107,0.460233075849281,0.696198392717145,0.224079055909616,0.557459045368436,0.144851248305771,0.671907413266125,0.724655110734344,0.53861691399593,0.302792210311812,0.456246342050619,0.238212414528707,0.262263856818011,0.438353427355916,0.551703821070566,NA,0.590650738669745,NA,NA,0.315549125691104,NA,0.129511669979692,0.677424083726026,NA,0.144562005342234,0.188999678092098,NA,0.518904670982288,0.666341448002239,NA,0.436744398451378,0.532564950595555,0.147532598023108,0.090101790512901,NA,0.294657546693359,0,0.423456486947823,0.119423407444965,0.510980755931832,0.0149408386352823,0.168038137210933,0.140677216361589,0.100081531081171,NA,0.336956490882325,0.360634890586467,0.343999035852506,0.0938245364332273,0.74763968531487,0.532897351706937,0.0822594598191787,NA,0.439893143622312,NA,0.626788368433541,0.354144820286645,0.443458975523042
0.341776001462486,NA,0.493546430167447,0.329009298376977,0.208823841061702,0.278449989282402,0.272874897360612,0.363727727854055,0.326763111799197,0.427250616816991,0.255276582624994,0.304298375868425,0.120102215940953,0.331643386887864,0.311585759402181,0.405840852726726,0.424094678757808,0.0620409908677694,0.355413061476306,NA,0.171435074475299,NA,NA,0.320820172826139,NA,0.417846141606375,0.257553472580501,NA,0.478659839338202,0.462368799021253,NA,0.322552502339945,0.244245189762024,NA,0.0311908501358746,0.375438241568275,0.458377812672519,0.501585842869249,NA,0.187941956611986,0.423456486947823,0,0.370483816633295,0.0876259928538536,0.418218400265294,0.460293118200911,0.369724078037298,0.393619424122317,NA,0.228688192296315,0.11240293653679,0.17003016728267,0.496096505848739,0.324460860947123,0.35791207565105,0.486600045856658,NA,0.323900551262445,NA,0.203388939950535,0.094975626426706,0.343005498663781
0.373610743786463,NA,0.217428397082989,0.151154450494985,0.207202512417691,0.480681887924624,0.639170581941085,0.295604828590248,0.573932081234928,0.246759895936668,0.625723732592681,0.67419479751576,0.490450567115854,0.184134558520285,0.486346894564331,0.124888067250999,0.151040805856584,0.369537529610508,0.577085475480765,NA,0.541915918471593,NA,NA,0.365126572549631,NA,0.229903945890924,0.627769999824973,NA,0.108763546795757,0.110867163953536,NA,0.541594501929608,0.602785413187716,NA,0.375983831101925,0.566842383591933,0.0908461397055546,0.150918186864285,NA,0.206437115881664,0.119423407444965,0.370483816633295,0,0.454407867109636,0.10487791729182,0.0992713153438478,0.0218536162857269,0.0270145516525327,NA,0.23251031042204,0.284212206216107,0.253064032654601,0.139453171725322,0.690910886230644,0.562491876302234,0.200457738867854,NA,0.475750812240399,NA,0.567982908874228,0.285486615994058,0.483957806099381
0.408860129935858,NA,0.580812860529453,0.397961331220287,0.277366766359194,0.311534089661169,0.185805563191431,0.442466835058448,0.335220160123916,0.511849018855156,0.175380539149024,0.220175176462499,0.0504545863702902,0.395368695220065,0.348792774551452,0.479251394531874,0.495203332967153,0.0954096805759769,0.370880464862983,NA,0.092302301998237,NA,NA,0.388011909845086,NA,0.503108028881279,0.174490977552066,NA,0.561756829581413,0.541811441870035,NA,0.342954650989895,0.157051447020751,NA,0.078896421354452,0.399578138312752,0.540737780271772,0.588369627899449,NA,0.261483146282058,0.510980755931832,0.0876259928538536,0.454407867109636,0,0.505575388672268,0.541285782317479,0.452188270651591,0.478295355419003,NA,0.287566362504785,0.179750387980132,0.232232043612244,0.582483162146371,0.237532271915492,0.379383061611056,0.574077450138609,NA,0.366293811415816,NA,0.115807718180628,0.170737208856093,0.38606325765407
0.325655218179142,NA,0.112615177469869,0.255498253982917,0.292979155414355,0.464314448425502,0.691089496443623,0.233516678804017,0.561322987329248,0.157991658863802,0.668152932683821,0.720430832389957,0.534343903130528,0.288571329447055,0.461522555672053,0.223272979009285,0.247353937638218,0.431194946598565,0.556657590109563,NA,0.586423798722318,NA,NA,0.322685565128574,NA,0.142304210453141,0.673235026773696,NA,0.132621186961771,0.175135594142412,NA,0.523443204175168,0.660345559472431,NA,0.43058721903345,0.538572578199098,0.134215903910852,0.0883942287524912,NA,0.284517906193644,0.0149408386352823,0.418218400265294,0.10487791729182,0.505575388672268,0,0.154418978674605,0.125995999741618,0.0851569831397179,NA,0.32498470633058,0.352240371195888,0.333757073244021,0.0893962712766323,0.742636117672147,0.538327420042876,0.0959872296842939,NA,0.445835196828029,NA,0.621343756125978,0.346665506079332,0.449993501041787
0.464648902586083,NA,0.249497767649654,0.179775761169353,0.27585458527309,0.57934664376803,0.723668092099711,0.379818453431685,0.673009421563178,0.312376099630323,0.715038476713972,0.761413896320109,0.580286466480633,0.206621589040837,0.58395344958854,0.104844654798764,0.118328760997644,0.451976396827996,0.675504411251545,NA,0.630978351153148,NA,NA,0.457936844786628,NA,0.296531893746139,0.715686579927677,NA,0.0399752010529133,0.0220370064906464,NA,0.640199026904991,0.684244047160521,NA,0.462389688653508,0.664090445410039,0.0215444972306644,0.138544018422575,NA,0.283218297137602,0.168038137210933,0.460293118200911,0.0992713153438478,0.541285782317479,0.154418978674605,0,0.0923255534129261,0.0891076821167131,NA,0.289443989558062,0.364935468363775,0.324323562921104,0.121636088211153,0.775120908977078,0.660395533464196,0.230966982164367,NA,0.572407931747208,NA,0.65232056456555,0.370591706441023,0.579773940629204
0.39083670801457,NA,0.238327271594483,0.131473176261651,0.196889787555434,0.492481953727503,0.636007776641719,0.314962741062722,0.584678946863276,0.268388824905622,0.62489733858175,0.672319381537495,0.489825431338936,0.164233275045225,0.499552269003997,0.103523533882112,0.129929470661468,0.36513024664989,0.589198985418517,NA,0.540902983225287,NA,NA,0.381653485659683,NA,0.251516681203898,0.626214932397033,NA,0.109775185453288,0.0999903406011141,NA,0.553440647845756,0.598308823826074,NA,0.373418951995269,0.580312358297137,0.0886639595959041,0.16547020946644,NA,0.199001564568316,0.140677216361589,0.369724078037298,0.0218536162857269,0.452188270651591,0.125995999741618,0.0923255534129261,0,0.0435719728412023,NA,0.219139374130672,0.278819751372062,0.243973709045732,0.152685645952953,0.687656756845562,0.575291782041544,0.221135768566936,NA,0.489829813348681,NA,0.56469127572502,0.282075395204381,0.498640535250818
0.376073021060125,NA,0.196324815036729,0.175016059154666,0.234127132967987,0.491688086534867,0.663448960971855,0.293440344215919,0.586136402460904,0.235617883422173,0.648630580198939,0.697725535862014,0.513339204852772,0.207710779311509,0.495368014326008,0.138404513333962,0.163080758099944,0.394626270441361,0.587484298316493,NA,0.565002877252812,NA,NA,0.368997678213376,NA,0.21900220380346,0.651132452065196,NA,0.0893722577723977,0.105082377798388,NA,0.552416789364419,0.627743073571477,NA,0.400154513074993,0.575314167770542,0.0756889695249629,0.123945681361383,NA,0.232833190313538,0.100081531081171,0.393619424122317,0.0270145516525327,0.478295355419003,0.0851569831397179,0.0891076821167131,0.0435719728412023,0,NA,0.259464227546644,0.309823288106945,0.279779421154401,0.112460209490209,0.715215563206205,0.571952146581645,0.178792542553265,NA,0.483475242061924,NA,0.592367130517378,0.310239549365507,0.490701054566059
NA,NA,NA,NA,NA,NA,NA,NA,NA,NA,NA,NA,NA,NA,NA,NA,NA,NA,NA,NA,NA,NA,NA,NA,NA,NA,NA,NA,NA,NA,NA,NA,NA,NA,NA,NA,NA,NA,NA,NA,NA,NA,NA,NA,NA,NA,NA,NA,0,NA,NA,NA,NA,NA,NA,NA,NA,NA,NA,NA,NA,NA
0.443096417461369,NA,0.432209237723263,0.117680765562782,0.0428266731702849,0.462709878252358,0.45469178333047,0.410245695168362,0.534034006478571,0.417823024964641,0.460811604897144,0.498792248004073,0.335236967692901,0.10853635904643,0.485840196259739,0.20406060532247,0.214621469659469,0.192211904678105,0.554128140886911,NA,0.379538616026334,NA,NA,0.42566076021614,NA,0.402418422582518,0.456581417521739,NA,0.320770827006333,0.282667357438107,NA,0.518155430463801,0.409581339833983,NA,0.215243131599864,0.562491876302234,0.296670296682669,0.38340976504227,NA,0.0702164394247814,0.336956490882325,0.228688192296315,0.23251031042204,0.287566362504785,0.32498470633058,0.289443989558062,0.219139374130672,0.259464227546644,NA,0,0.116585866503576,0.0587719451401398,0.371467420358987,0.504352793300807,0.549596957766877,0.418052208481025,NA,0.488021094019016,NA,0.385004752081769,0.138387065309688,0.503619729343804
