"Abraham Lincoln","Adolf Hitler","Albert Einstein","Alexander the Great","Andrew Jackson","Barack Obama","Benito Mussolini","Benjamin Franklin","Bill Clinton","Bill Gates","Charlemagne","Christopher Columbus","Cleopatra","Constantine the Great","Dwight D. Eisenhower","Elizabeth I of England","Elizabeth II","Fidel Castro","Franklin D. Roosevelt","Gautama Buddha","Genghis Khan","George H. W. Bush","George W. Bush","George Washington","Harry Truman","Henry Ford","Henry VIII of England","Hillary Clinton","Jesus Christ","Joan of Arc","John Adams","John F. Kennedy","Joseph Stalin","Julius Caesar","Karl Marx","Lyndon B. Johnson","Mahatma Gandhi","Malcolm X","Mao Zedong","Margaret Thatcher","Martin Luther King Jr.","Mikhail Gorbachev","Mother Teresa","Napoleon Bonaparte","Nelson Mandela","Pope Francis","Pope John Paul II","Prophet Muhammad","Queen Victoria","Richard Nixon","Robert E. Lee","Ronald Reagan","Rosa Parks","Saddam Hussein","Theodore Roosevelt","Thomas Edison","Thomas Jefferson","Ulysses S. Grant","Vladimir Lenin","Vladimir Putin","Winston Churchill","Woodrow Wilson"
0,NA,NA,NA,NA,NA,NA,NA,NA,NA,NA,NA,NA,NA,NA,NA,NA,NA,NA,NA,NA,NA,NA,NA,NA,NA,NA,NA,NA,NA,NA,NA,NA,NA,NA,NA,NA,NA,NA,NA,NA,NA,NA,NA,NA,NA,NA,NA,NA,NA,NA,NA,NA,NA,NA,NA,NA,NA,NA,NA,NA,NA
NA,0,0.257905930997837,0.243216946930062,0.0596792159437721,NA,0.0954910983464809,0.242639718177093,NA,0.275707827229003,0.27148757495286,0.298236897677087,0.217842471657656,0.208307588403699,0.298952362514,0.288058671381233,0.273567039971227,0.228675041260523,0.405695269673733,0.248458243499566,0.247206706633149,0.24116859680892,0.115580389295861,NA,0.0575887669875904,0.122780491055596,0.179497625627387,NA,0.0538903555462719,0.264628725511988,0.0808631731797927,0.290879513235448,0.0952814219187159,0.0441559177170569,0.286748913816012,0.333306851503095,0.249864095437869,0.346786922689879,0.180728401501639,0.252708490725169,0.359177279788666,0.380819792373295,NA,NA,0.384388733132686,NA,NA,0.249310773163238,NA,NA,0.123673616710283,0.270397635784085,NA,0.268170306621822,0.2865918396985,0.33834840754013,0.323642283280137,0.206562387621008,0.339298140810877,0.349712363444886,0.21638349053683,0.0372372062694845
NA,0.257905930997837,0,0.0475080149489486,0.207813527523234,NA,0.180547785630635,0.247907191882284,NA,0.522155452824926,0.470884919228306,0.131374314059439,0.0401368892702645,0.421908398640725,0.173328687918581,0.423483833322896,0.0884799486893003,0.417886616692143,0.544217050365999,0.293892709067953,0.354488233548635,0.186980689625011,0.340894488077388,NA,0.201264310173798,0.380341834180694,0.418637004770059,NA,0.287783918743786,0.0949595679557629,0.327320593453247,0.511698816529358,0.167154673414548,0.251450114212827,0.0534259992425049,0.178310995979003,0.484981177214096,0.518463577436933,0.114282538623242,0.163564688783802,0.511259729692749,0.511979547184708,NA,NA,0.127954178990638,NA,NA,0.50010479479886,NA,NA,0.134416189993109,0.268666910632069,NA,0.291835558429252,0.471472778185019,0.109116990944799,0.49534091647296,0.42909292680602,0.0855052802114398,0.112572469186023,0.128580497443736,0.223485241014228
NA,0.243216946930062,0.0475080149489486,0,0.200769056163654,NA,0.155849347242037,0.277396237231715,NA,0.515366523312913,0.477253257237286,0.177024288902886,0.0466752048591637,0.424032271615909,0.216515124021906,0.44099959865604,0.0488827894986166,0.425249483626841,0.563740856707966,0.320251208452827,0.374224812925487,0.220651511926694,0.337978015493349,NA,0.189919135911526,0.365669963848637,0.413756354743882,NA,0.265261309073719,0.138284033550043,0.318412850888035,0.513447056702091,0.1482819534574,0.24494959464024,0.100849541735299,0.13980121121046,0.482203976672801,0.531455431139644,0.0766699801172199,0.200703932034883,0.527827973019877,0.532224563585988,NA,NA,0.159318676055377,NA,NA,0.491054845337044,NA,NA,0.122024664455306,0.300634361464558,NA,0.321382413417782,0.480956438606169,0.0972028106240514,0.507925663710584,0.429155416825911,0.0996502891709959,0.156961639742769,0.159947919363764,0.206706762179696
NA,0.0596792159437721,0.207813527523234,0.200769056163654,0,NA,0.081726309891049,0.193375250485109,NA,0.315298410442338,0.284461868290849,0.238664903726824,0.168624797424943,0.226623442287072,0.239705693708768,0.276003913006412,0.237802399919741,0.235444713797017,0.398624982610117,0.207813527523235,0.223417736484598,0.184073641720626,0.137627998907021,NA,0.0204148228481036,0.175319482527321,0.2130221701122,NA,0.109167154266033,0.205742894546771,0.119509051399941,0.314873230544652,0.0660459367404919,0.0442267128665062,0.231412953534524,0.308932327783213,0.281527532588525,0.349999795687727,0.151118939333616,0.193830602732751,0.355498886922703,0.370718371384912,NA,NA,0.331574930398697,NA,NA,0.292398590673035,NA,NA,0.0790860506635792,0.222019054181429,NA,0.224348003114218,0.293502761993149,0.29787514495066,0.326245943638571,0.229883603971308,0.291874607914153,0.293042910257011,0.156710867997438,0.0456782941603612
NA,NA,NA,NA,NA,0,NA,NA,NA,NA,NA,NA,NA,NA,NA,NA,NA,NA,NA,NA,NA,NA,NA,NA,NA,NA,NA,NA,NA,NA,NA,NA,NA,NA,NA,NA,NA,NA,NA,NA,NA,NA,NA,NA,NA,NA,NA,NA,NA,NA,NA,NA,NA,NA,NA,NA,NA,NA,NA,NA,NA,NA
NA,0.0954910983464809,0.180547785630635,0.155849347242037,0.081726309891049,NA,0,0.258238439244176,NA,0.370895550222215,0.360139098890443,0.25597384174406,0.141483063303348,0.299179889266001,0.271713015858275,0.357721269106935,0.180394863215879,0.313340444621789,0.480182207548689,0.281276591254491,0.304228370218314,0.231896245075555,0.206746217823002,NA,0.0616572122225205,0.213620849052871,0.27473632941436,NA,0.109415583561298,0.216000523871015,0.176106707596128,0.384424194179231,0.0248032906961727,0.115609387094175,0.220313498385762,0.237985573798484,0.345052717998645,0.429585049734566,0.0865650136871521,0.231728509562048,0.436599524940339,0.452425236901932,NA,NA,0.308293672125263,NA,NA,0.343774519493311,NA,NA,0.0577959946440625,0.287051905583129,NA,0.294606587557838,0.371698122522039,0.247212130370277,0.405925173337958,0.299448663395599,0.255062110159273,0.285375988626931,0.186086985840249,0.0588914240404948
NA,0.242639718177093,0.247907191882284,0.277396237231715,0.193375250485109,NA,0.258238439244176,0,NA,0.388582427511198,0.282231515037322,0.163568104315481,0.230786356834243,0.260331029167949,0.12526430488829,0.196134234186246,0.326273683471091,0.232274169183252,0.306382846182129,0.050164290803843,0.126177928435564,0.0649903070201923,0.226860468069373,NA,0.210393342110641,0.315598067599587,0.292765202255725,NA,0.296505880289236,0.168079910529382,0.249696348106322,0.33879689466723,0.234046773514649,0.200944841490552,0.226438478759001,0.416605789949364,0.336719749622167,0.299980274709902,0.281104932839731,0.0947534321896291,0.281917397758217,0.273296116108499,NA,NA,0.318863096917145,NA,NA,0.380994913028968,NA,NA,0.213461784259043,0.0288979973220312,NA,0.044054584438982,0.269671048302215,0.356437718059884,0.279716289428187,0.276215959771081,0.320537869782991,0.255071309313801,0.119333154100595,0.239052225505971
NA,NA,NA,NA,NA,NA,NA,NA,0,NA,NA,NA,NA,NA,NA,NA,NA,NA,NA,NA,NA,NA,NA,NA,NA,NA,NA,NA,NA,NA,NA,NA,NA,NA,NA,NA,NA,NA,NA,NA,NA,NA,NA,NA,NA,NA,NA,NA,NA,NA,NA,NA,NA,NA,NA,NA,NA,NA,NA,NA,NA,NA
NA,0.275707827229003,0.522155452824926,0.515366523312913,0.315298410442338,NA,0.370895550222215,0.388582427511198,NA,0,0.14444744917791,0.52055839699211,0.483595263712298,0.130156715752411,0.50002525107503,0.258843475058407,0.548765779031698,0.169931052128954,0.301908308372556,0.355588136872737,0.289892951201186,0.429822191596125,0.182870881419589,NA,0.325528683616243,0.16406805198405,0.104404253443925,NA,0.276261666079292,0.499775812857071,0.197086700835809,0.0930014529340867,0.369987970784833,0.27115359491547,0.538898994086758,0.607474792531242,0.0551973009978047,0.217854781112381,0.456408536313835,0.455094219037708,0.256690013615202,0.299448290265493,NA,NA,0.6419319785565,NA,NA,0.0337260196515818,NA,NA,0.393368965609084,0.40302268423283,NA,0.380717674828666,0.175560857684545,0.611984038454348,0.209136265394556,0.112731164528779,0.606899737023849,0.594821190630993,0.439943073715886,0.312899749326411
NA,0.27148757495286,0.470884919228306,0.477253257237286,0.284461868290849,NA,0.360139098890443,0.282231515037322,NA,0.14444744917791,0,0.435311642502271,0.437025674691787,0.0650521698330544,0.40485494438579,0.117502666733171,0.519058685528811,0.0534176331291993,0.167883025480299,0.239619911032908,0.163977451619184,0.336271814904602,0.15602418036243,NA,0.301552812688125,0.212622114322113,0.120097546676304,NA,0.298739623457506,0.424514469132944,0.196930167564214,0.0616517754781006,0.349679772884964,0.244728262915974,0.473765981746736,0.59338489641075,0.0927307407985102,0.0874242567722893,0.435531043602526,0.365202773365863,0.118894151888434,0.158962006675708,NA,NA,0.576448887863135,NA,NA,0.158837545935368,NA,NA,0.360840821787803,0.289226162496527,NA,0.262650377537594,0.0316724019438615,0.573395339123258,0.0707269201609362,0.0750081039466457,0.555786884590868,0.520225811639421,0.363715281911108,0.303200856458204
NA,0.298236897677087,0.131374314059439,0.177024288902886,0.238664903726824,NA,0.25597384174406,0.163568104315481,NA,0.52055839699211,0.435311642502271,0,0.142330274847117,0.401087072775901,0.0481573999176776,0.359165769605752,0.21965320653769,0.382692081651617,0.469163602966896,0.21367262419867,0.288546603620242,0.100682106797563,0.340653167708173,NA,0.24370204625146,0.408187253158184,0.417358213175792,NA,0.34371471079934,0.0420749507795595,0.344503414364133,0.486964208821393,0.233722396124657,0.272388219065808,0.0850493186788879,0.307925591323005,0.474048198858851,0.462261858706809,0.22421448990583,0.0706526313078437,0.445449020035267,0.436022306452421,NA,NA,0.157875841032183,NA,NA,0.505725723901764,NA,NA,0.198229143694123,0.173161002451014,NA,0.201714593756675,0.427170034978778,0.222967183999482,0.441242760664747,0.413514052548585,0.175586313277195,0.0921905676892706,0.0835663066827256,0.274117867187608
NA,0.217842471657656,0.0401368892702645,0.0466752048591637,0.168624797424943,NA,0.141483063303348,0.230786356834243,NA,0.483595263712298,0.437025674691787,0.142330274847117,0,0.386113523898526,0.176940322762374,0.396105563035706,0.095508648093622,0.384439598368823,0.51838340212318,0.273618089075027,0.328648170214267,0.174892600975906,0.303169531295416,NA,0.16138399919892,0.340366705818045,0.38046960292289,NA,0.247924768790494,0.10096469968516,0.28808039204535,0.475866203702894,0.127205377550195,0.212538543158442,0.0816921236492093,0.186022728141922,0.447511109666864,0.488234614563675,0.0841020876019123,0.156456837755171,0.483311223516089,0.486666523035859,NA,NA,0.167833102390883,NA,NA,0.461022400922714,NA,NA,0.0942900527634931,0.254279405049157,NA,0.274750969959135,0.439195761191737,0.136918235854284,0.464845766592853,0.392519331054351,0.123308987820475,0.146009254965974,0.113996694780861,0.183348666555933
NA,0.208307588403699,0.421908398640725,0.424032271615909,0.226623442287072,NA,0.299179889266001,0.260331029167949,NA,0.130156715752411,0.0650521698330544,0.401087072775901,0.386113523898526,0,0.376178349644887,0.141971063794878,0.463783094482439,0.0468210017422169,0.224534688706864,0.225581235434429,0.16079512477951,0.306012466990816,0.0928523580954431,NA,0.242403832472703,0.150281869050559,0.0622577397444904,NA,0.233777844464245,0.385090370151911,0.132147689452499,0.0897948643373366,0.290478212971661,0.184865292227509,0.430195321056551,0.534819766602827,0.0765649806658075,0.149506638723444,0.377410458229394,0.33300937297312,0.174641345471401,0.20961814744405,NA,NA,0.533706958536097,NA,NA,0.130170450253472,NA,NA,0.304771441643445,0.27342977273905,NA,0.250633841303835,0.088035587033407,0.520988360246306,0.129406844286675,0.0194908445718745,0.507374756218103,0.481202861354578,0.324129735859133,0.241309861721983
NA,0.298952362514,0.173328687918581,0.216515124021906,0.239705693708768,NA,0.271713015858275,0.12526430488829,NA,0.50002525107503,0.40485494438579,0.0481573999176776,0.176940322762374,0.376178349644887,0,0.321056834572301,0.261666696727889,0.35336119251832,0.426943981971801,0.174219857082511,0.25142878424403,0.0702752395059924,0.324716259355282,NA,0.2485441225643,0.400316627251163,0.398828986360042,NA,0.348234747439684,0.0784776164781817,0.334738211655382,0.459210838488015,0.247845888295912,0.267429729733339,0.131387070870167,0.351486839763467,0.451070581012635,0.425141480686294,0.25392939276737,0.047272241707256,0.405813404112172,0.393825723736373,NA,NA,0.204354461796809,NA,NA,0.487904728051766,NA,NA,0.214590986164581,0.130006399922556,NA,0.159324987802888,0.394079280999165,0.269902974276375,0.404979393769271,0.390117736917678,0.223513736805488,0.137789462272657,0.0860406745022239,0.27989319074195
NA,0.288058671381233,0.423483833322896,0.44099959865604,0.276003913006412,NA,0.357721269106935,0.196134234186246,NA,0.258843475058407,0.117502666733171,0.359165769605752,0.396105563035706,0.141971063794878,0.321056834572301,0,0.487551014156042,0.095159386549923,0.123910996910644,0.146888174897877,0.070914665246338,0.258807644520352,0.19096874017636,NA,0.296122770314534,0.278574722758972,0.2024847306492,NA,0.330942494720979,0.358278063210998,0.235722169402597,0.178742840865613,0.340448436013216,0.248696922911569,0.413837360609245,0.57135109513502,0.204369770557694,0.104450261828194,0.417151485649936,0.289075072736095,0.0879822652129692,0.0947428187957389,NA,NA,0.51166933742629,NA,NA,0.267549612644161,NA,NA,0.339587807294797,0.194035133822255,NA,0.164814113111823,0.0913345708529751,0.531674876495689,0.0861574700900735,0.161125547940273,0.504137791015144,0.449702154688548,0.301216557877371,0.309601787048574
NA,0.273567039971227,0.0884799486893003,0.0488827894986166,0.237802399919741,NA,0.180394863215879,0.326273683471091,NA,0.548765779031698,0.519058685528811,0.21965320653769,0.095508648093622,0.463783094482439,0.261666696727889,0.487551014156042,0,0.467767132329094,0.610709979012704,0.368906771212726,0.42156371635663,0.269282954647641,0.375342789890291,NA,0.224381866963938,0.393945432176283,0.449160930398804,NA,0.287816142017207,0.183202351436257,0.351903978408712,0.55254941838356,0.178777843380525,0.281309559926223,0.137830811882002,0.0912697107986334,0.518600407197864,0.576163499064963,0.0939088989867614,0.248634465882069,0.573898448207888,0.579437562372912,NA,NA,0.167742537289676,NA,NA,0.52287544268697,NA,NA,0.159037900975198,0.349477451748692,NA,0.370252722652513,0.524267915641043,0.0691048388652667,0.552520298796679,0.467660108521916,0.0983558034646179,0.183535657947726,0.208697711982254,0.236354117593658
NA,0.228675041260523,0.417886616692143,0.425249483626841,0.235444713797017,NA,0.313340444621789,0.232274169183252,NA,0.169931052128954,0.0534176331291993,0.382692081651617,0.384439598368823,0.0468210017422169,0.35336119251832,0.095159386549923,0.467767132329094,0,0.185009084353876,0.192319607859038,0.121004012076587,0.284239463273137,0.116129147155022,NA,0.253402145078397,0.190802503241449,0.108121238231532,NA,0.261909123818112,0.371236110538286,0.160469591631973,0.106533636797142,0.301263663562185,0.197804819491427,0.420349121944422,0.543796001840472,0.11474697678095,0.118204238025854,0.385967649200813,0.312840823996384,0.135672157255543,0.166839540069335,NA,NA,0.523044016905516,NA,NA,0.174457630005877,NA,NA,0.310314813130532,0.241565318005775,NA,0.216435637296048,0.0583730840540173,0.521037255741273,0.0953915887922569,0.0659951647124316,0.502654217482781,0.467031805323601,0.310388257527395,0.257952282714471
NA,0.405695269673733,0.544217050365999,0.563740856707966,0.398624982610117,NA,0.480182207548689,0.306382846182129,NA,0.301908308372556,0.167883025480299,0.469163602966896,0.51838340212318,0.224534688706864,0.426943981971801,0.123910996910644,0.610709979012704,0.185009084353876,0,0.256348087373681,0.189855586710403,0.37121263365068,0.299182503510151,NA,0.418526227579768,0.374443005821486,0.285401045442635,NA,0.444240624209185,0.473525835177069,0.344256834327232,0.208920847476479,0.463631773906841,0.368729545810599,0.530778868340251,0.695108698201562,0.256909303446778,0.0841034161344433,0.541052438791819,0.401134427904354,0.0498940540278756,0.0331445505836476,NA,NA,0.625245228702709,NA,NA,0.322604910185774,NA,NA,0.463480645001261,0.296943437543316,NA,0.267762929844969,0.138081886263074,0.652981623456644,0.0971671700330081,0.239511239971612,0.623001696661407,0.561146200004503,0.419166461841592,0.430060501736627
NA,0.248458243499566,0.293892709067953,0.320251208452827,0.207813527523235,NA,0.281276591254491,0.050164290803843,NA,0.355588136872737,0.239619911032908,0.21367262419867,0.273618089075027,0.225581235434429,0.174219857082511,0.146888174897877,0.368906771212726,0.192319607859038,0.256348087373681,0,0.0783522254791752,0.114864738387739,0.208547750817934,NA,0.226943196289072,0.302352090194035,0.265670418965991,NA,0.301708393590952,0.217494441726758,0.23897602700382,0.298306199123518,0.258378587820189,0.204574688192737,0.275394383391369,0.458101438350217,0.301997116907501,0.251158002974058,0.315889305277337,0.14483060777982,0.231959837161474,0.223293174596727,NA,NA,0.3689249433633,NA,NA,0.351534201796875,NA,NA,0.243408440276099,0.0496155901241717,NA,0.0254568812396271,0.224356469555835,0.402909555211744,0.231517221441581,0.242951730006069,0.368892232847732,0.305235587171858,0.165829245126451,0.252337260238851
NA,0.247206706633149,0.354488233548635,0.374224812925487,0.223417736484598,NA,0.304228370218314,0.126177928435564,NA,0.289892951201186,0.163977451619184,0.288546603620242,0.328648170214267,0.16079512477951,0.25142878424403,0.070914665246338,0.42156371635663,0.121004012076587,0.189855586710403,0.0783522254791752,0,0.188042536587935,0.17235708262419,NA,0.24383038769308,0.267581349646784,0.210966116252767,NA,0.2958959136962,0.287419117073703,0.212396028472419,0.224280758260825,0.284624828681925,0.204303606608617,0.343248886983417,0.507291286589957,0.234967769929031,0.173885400663464,0.355965002303524,0.218298482881406,0.1585249093362,0.158022272935574,NA,NA,0.44076213303737,NA,NA,0.290685851242119,NA,NA,0.279052811623851,0.127386193024636,NA,0.099451629269034,0.146572919738326,0.463155321684211,0.153565679807099,0.179709143368651,0.4341674254398,0.37885007943649,0.230778610441013,0.26223527794545
NA,0.24116859680892,0.186980689625011,0.220651511926694,0.184073641720626,NA,0.231896245075555,0.0649903070201923,NA,0.429822191596125,0.336271814904602,0.100682106797563,0.174892600975906,0.306012466990816,0.0702752395059924,0.258807644520352,0.269282954647641,0.284239463273137,0.37121263365068,0.114864738387739,0.188042536587935,0,0.255749817890697,NA,0.196552501091371,0.334726528699649,0.328975746029064,NA,0.293051679710288,0.103244134302436,0.268541285448871,0.389663227434636,0.207106914889781,0.205478248189362,0.161901044243612,0.360442705900768,0.380801014190206,0.361626469629712,0.236365462999744,0.0302690036633515,0.345568170274161,0.33815549745423,NA,NA,0.254098303105135,NA,NA,0.418087903044992,NA,NA,0.17915119380285,0.0819133971744633,NA,0.107067192341365,0.326994093127477,0.294284417507783,0.340560988058997,0.31985182641069,0.256418252088272,0.190980441548914,0.0609280331671043,0.227718783707066
NA,0.115580389295861,0.340894488077388,0.337978015493349,0.137627998907021,NA,0.206746217823002,0.226860468069373,NA,0.182870881419589,0.15602418036243,0.340653167708173,0.303169531295416,0.0928523580954431,0.324716259355282,0.19096874017636,0.375342789890291,0.116129147155022,0.299182503510151,0.208547750817934,0.17235708262419,0.255749817890697,0,NA,0.151661404750072,0.0957189940801712,0.0784776164781817,NA,0.145794828167223,0.317688105309238,0.0452358551411595,0.178188763177484,0.199312911749569,0.0941477459746645,0.356046290086276,0.443441092644607,0.144408767911872,0.233959871115971,0.286748913816012,0.278256878989944,0.2507038225569,0.277719893927552,NA,NA,0.459171419640337,NA,NA,0.165258240018707,NA,NA,0.216693089107761,0.24803335743881,NA,0.233376024295818,0.17273784247547,0.435174300170974,0.211457038434666,0.0929966471541675,0.426143461956237,0.412245389034278,0.258615456376779,0.148568014676483
NA,NA,NA,NA,NA,NA,NA,NA,NA,NA,NA,NA,NA,NA,NA,NA,NA,NA,NA,NA,NA,NA,NA,0,NA,NA,NA,NA,NA,NA,NA,NA,NA,NA,NA,NA,NA,NA,NA,NA,NA,NA,NA,NA,NA,NA,NA,NA,NA,NA,NA,NA,NA,NA,NA,NA,NA,NA,NA,NA,NA,NA
NA,0.0575887669875904,0.201264310173798,0.189919135911526,0.0204148228481036,NA,0.0616572122225205,0.210393342110641,NA,0.325528683616243,0.301552812688125,0.24370204625146,0.16138399919892,0.242403832472703,0.2485441225643,0.296122770314534,0.224381866963938,0.253402145078397,0.418526227579768,0.226943196289072,0.24383038769308,0.196552501091371,0.151661404750072,NA,0,0.179134353617415,0.224827596596882,NA,0.10020934773595,0.208566501860066,0.128500526872022,0.329733967110202,0.048155079694125,0.0576372513678529,0.229161181514607,0.292423809932595,0.294234295778142,0.368778329159335,0.135156456383411,0.203762554919908,0.37506703395368,0.39080680131017,NA,NA,0.32712971912416,NA,NA,0.301219154445525,NA,NA,0.0681901062531041,0.239196608802865,NA,0.242783348646366,0.311637032311463,0.286465494328869,0.345061460892563,0.244551510199213,0.283837041749443,0.2922361417964,0.163769494601476,0.0314280425340956
NA,0.122780491055596,0.380341834180694,0.365669963848637,0.175319482527321,NA,0.213620849052871,0.315598067599587,NA,0.16406805198405,0.212622114322113,0.408187253158184,0.340366705818045,0.150281869050559,0.400316627251163,0.278574722758972,0.393945432176283,0.190802503241449,0.374443005821486,0.302352090194035,0.267581349646784,0.334726528699649,0.0957189940801712,NA,0.179134353617415,0,0.0935942634846527,NA,0.112607202902675,0.378756870934662,0.0664389452851905,0.206921245223403,0.217408118093112,0.136194109532904,0.406705049510022,0.446363370639938,0.154833731340821,0.29927846780697,0.300184318124786,0.353046432111676,0.324597869092401,0.357634738463028,NA,NA,0.50608815073617,NA,NA,0.133522118249529,NA,NA,0.246371840129192,0.33894461025485,NA,0.326675817354188,0.238226303422359,0.459988304198518,0.279666752989172,0.137614196771008,0.462078364516258,0.468186152898724,0.324633666050861,0.158964818221839
NA,0.179497625627387,0.418637004770059,0.413756354743882,0.2130221701122,NA,0.27473632941436,0.292765202255725,NA,0.104404253443925,0.120097546676304,0.417358213175792,0.38046960292289,0.0622577397444904,0.398828986360042,0.2024847306492,0.449160930398804,0.108121238231532,0.285401045442635,0.265670418965991,0.210966116252767,0.328975746029064,0.0784776164781817,NA,0.224827596596882,0.0935942634846527,0,NA,0.192244066031141,0.395643811907452,0.0986541218619786,0.116063702758734,0.270962741080162,0.168812213188095,0.434523195537186,0.512712955287669,0.0703705710978728,0.207400731504801,0.358334817563462,0.353135036271103,0.235573759443829,0.271622944220274,NA,NA,0.537621948975853,NA,NA,0.0891178928568662,NA,NA,0.291829049673764,0.310322374385723,NA,0.291126782752002,0.14756285992333,0.510778704471493,0.189018636289967,0.0458930453114363,0.503673257227819,0.490507313131949,0.336092340879838,0.215885139105751
NA,NA,NA,NA,NA,NA,NA,NA,NA,NA,NA,NA,NA,NA,NA,NA,NA,NA,NA,NA,NA,NA,NA,NA,NA,NA,NA,0,NA,NA,NA,NA,NA,NA,NA,NA,NA,NA,NA,NA,NA,NA,NA,NA,NA,NA,NA,NA,NA,NA,NA,NA,NA,NA,NA,NA,NA,NA,NA,NA,NA,NA
NA,0.0538903555462719,0.287783918743786,0.265261309073719,0.109167154266033,NA,0.109415583561298,0.296505880289236,NA,0.276261666079292,0.298739623457506,0.34371471079934,0.247924768790494,0.233777844464245,0.348234747439684,0.330942494720979,0.287816142017207,0.261909123818112,0.444240624209185,0.301708393590952,0.2958959136962,0.293051679710288,0.145794828167223,NA,0.10020934773595,0.112607202902675,0.192244066031141,NA,0,0.307714698649006,0.102034700002384,0.308063083781403,0.120752590262448,0.0971568203157713,0.322934118206605,0.334679792798449,0.260740589934679,0.379478638000296,0.194182492973035,0.302787841392869,0.396207098626376,0.421403598931377,NA,NA,0.415718984921296,NA,NA,0.246122734645026,NA,NA,0.155436565220984,0.32428792266146,NA,0.321800381966853,0.317944045163668,0.355673908847202,0.35716955081294,0.227793842816299,0.364351550451189,0.387384411661991,0.263908270954208,0.0696507996546764
NA,0.264628725511988,0.0949595679557629,0.138284033550043,0.205742894546771,NA,0.216000523871015,0.168079910529382,NA,0.499775812857071,0.424514469132944,0.0420749507795595,0.10096469968516,0.385090370151911,0.0784776164781817,0.358278063210998,0.183202351436257,0.371236110538286,0.473525835177069,0.217494441726758,0.287419117073703,0.103244134302436,0.317688105309238,NA,0.208566501860066,0.378756870934662,0.395643811907452,NA,0.307714698649006,0,0.316931384974273,0.472988012459611,0.194486643107049,0.242584453044763,0.0590373334827615,0.27324827813073,0.455673270121086,0.459092328412653,0.182196933763251,0.0749827762052696,0.445891770792445,0.440567655561241,NA,NA,0.153681323476567,NA,NA,0.482813461808912,NA,NA,0.158544643370854,0.183904209922905,NA,0.210187718183843,0.41935141405797,0.195518014560127,0.437126907279018,0.396007669367682,0.153957352696383,0.0961348186785937,0.0610379653545884,0.238109488445683
NA,0.0808631731797927,0.327320593453247,0.318412850888035,0.119509051399941,NA,0.176106707596128,0.249696348106322,NA,0.197086700835809,0.196930167564214,0.344503414364133,0.28808039204535,0.132147689452499,0.334738211655382,0.235722169402597,0.351903978408712,0.160469591631973,0.344256834327232,0.23897602700382,0.212396028472419,0.268541285448871,0.0452358551411595,NA,0.128500526872022,0.0664389452851905,0.0986541218619786,NA,0.102034700002384,0.316931384974273,0,0.210910498140794,0.173205519419009,0.0763208841772277,0.348907894636889,0.41406814038212,0.169010660215691,0.277589510505069,0.260224566595297,0.287505405894893,0.295597073317005,0.322955569117272,NA,NA,0.450329824908445,NA,NA,0.173011884019936,NA,NA,0.196518390224063,0.273628297752918,NA,0.262735870379065,0.215967415268142,0.414911618910221,0.255466122222236,0.127745306886739,0.411249213152702,0.408580140867464,0.261004426386573,0.117296140015197
NA,0.290879513235448,0.511698816529358,0.513447056702091,0.314873230544652,NA,0.384424194179231,0.33879689466723,NA,0.0930014529340867,0.0616517754781006,0.486964208821393,0.475866203702894,0.0897948643373366,0.459210838488015,0.178742840865613,0.55254941838356,0.106533636797142,0.208920847476479,0.298306199123518,0.224280758260825,0.389663227434636,0.178188763177484,NA,0.329733967110202,0.206921245223403,0.116063702758734,NA,0.308063083781403,0.472988012459611,0.210910498140794,0,0.377493343777516,0.2721148897208,0.519314568129858,0.62160032025287,0.0555986678588547,0.124907003349313,0.464879416652321,0.417746487684814,0.16428039208842,0.207486910589808,NA,NA,0.622725441633986,NA,NA,0.116152236373474,NA,NA,0.393527712961482,0.347741884552393,NA,0.321982617136243,0.0888164786015703,0.610496248647646,0.117528338218763,0.0851976426926835,0.597159190953873,0.569108513384882,0.41195039658418,0.325778120797735
NA,0.0952814219187159,0.167154673414548,0.1482819534574,0.0660459367404919,NA,0.0248032906961727,0.234046773514649,NA,0.369987970784833,0.349679772884964,0.233722396124657,0.127205377550195,0.290478212971661,0.247845888295912,0.340448436013216,0.178777843380525,0.301263663562185,0.463631773906841,0.258378587820189,0.284624828681925,0.207106914889781,0.199312911749569,NA,0.048155079694125,0.217408118093112,0.270962741080162,NA,0.120752590262448,0.194486643107049,0.173205519419009,0.377493343777516,0,0.105620406777959,0.203097967351545,0.244348109375769,0.340833190533303,0.416044070825619,0.087557073880309,0.207290262191904,0.421109715310019,0.435178151481151,NA,NA,0.295033328105505,NA,NA,0.344324336940618,NA,NA,0.0362396540289002,0.26280858120035,NA,0.271024999755925,0.359413623620368,0.24306759690837,0.392288121750671,0.292295780577633,0.245673799220321,0.267950641941353,0.16200591048687,0.0584515103979794
NA,0.0441559177170569,0.251450114212827,0.24494959464024,0.0442267128665062,NA,0.115609387094175,0.200944841490552,NA,0.27115359491547,0.244728262915974,0.272388219065808,0.212538543158442,0.184865292227509,0.267429729733339,0.248696922911569,0.281309559926223,0.197804819491427,0.368729545810599,0.204574688192737,0.204303606608617,0.205478248189362,0.0941477459746645,NA,0.0576372513678529,0.136194109532904,0.168812213188095,NA,0.0971568203157713,0.242584453044763,0.0763208841772277,0.2721148897208,0.105620406777959,0,0.27270675705527,0.349968508963389,0.237514202634579,0.31457075177072,0.192792522549996,0.220352545912704,0.323571501986256,0.342548637337958,NA,NA,0.374009480193268,NA,NA,0.248666819683048,NA,NA,0.123098587535009,0.228183458382682,NA,0.22471574985461,0.256176298875608,0.34201230023134,0.291010469383835,0.186944832246383,0.33584091611429,0.332913734381932,0.188953010257151,0.0613629387228908
NA,0.286748913816012,0.0534259992425049,0.100849541735299,0.231412953534524,NA,0.220313498385762,0.226438478759001,NA,0.538898994086758,0.473765981746736,0.0850493186788879,0.0816921236492093,0.430195321056551,0.131387070870167,0.413837360609245,0.137830811882002,0.420349121944422,0.530778868340251,0.275394383391369,0.343248886983417,0.161901044243612,0.356046290086276,NA,0.229161181514607,0.406705049510022,0.434523195537186,NA,0.322934118206605,0.0590373334827615,0.348907894636889,0.519314568129858,0.203097967351545,0.27270675705527,0,0.223837433916063,0.497815087141772,0.513141000271948,0.164281752357626,0.134014095604467,0.50172776275138,0.497937395883793,NA,NA,0.103570450157888,NA,NA,0.519416756806721,NA,NA,0.167563260687686,0.242908035678113,NA,0.268959115492584,0.470770059985323,0.138547190547206,0.490737100612822,0.439537547432243,0.0949336783428615,0.0650641918828919,0.112731164528779,0.255282798375913
NA,0.333306851503095,0.178310995979003,0.13980121121046,0.308932327783213,NA,0.237985573798484,0.416605789949364,NA,0.607474792531242,0.59338489641075,0.307925591323005,0.186022728141922,0.534819766602827,0.351486839763467,0.57135109513502,0.0912697107986334,0.543796001840472,0.695108698201562,0.458101438350217,0.507291286589957,0.360442705900768,0.443441092644607,NA,0.292423809932595,0.446363370639938,0.512712955287669,NA,0.334679792798449,0.27324827813073,0.41406814038212,0.62160032025287,0.244348109375769,0.349968508963389,0.223837433916063,0,0.583037708037463,0.655820026680712,0.157875841032183,0.339876569412915,0.656395120114871,0.664467144843354,NA,NA,0.22421448990583,NA,NA,0.579075699339407,NA,NA,0.23409832671945,0.440299759845544,NA,0.460469974594323,0.601417367856709,0.103184594834991,0.632045251711986,0.536430185581047,0.156636699512649,0.258762309622933,0.299743291053289,0.296866666935489
NA,0.249864095437869,0.484981177214096,0.482203976672801,0.281527532588525,NA,0.345052717998645,0.336719749622167,NA,0.0551973009978047,0.0927307407985102,0.474048198858851,0.447511109666864,0.0765649806658075,0.451070581012635,0.204369770557694,0.518600407197864,0.11474697678095,0.256909303446778,0.301997116907501,0.234967769929031,0.380801014190206,0.144408767911872,NA,0.294234295778142,0.154833731340821,0.0703705710978728,NA,0.260740589934679,0.455673270121086,0.169010660215691,0.0555986678588547,0.340833190533303,0.237514202634579,0.497815087141772,0.583037708037463,0,0.173262922964636,0.428312597506832,0.407072195053318,0.209501380849785,0.250971087049492,NA,NA,0.601316664932529,NA,NA,0.0662418891037008,NA,NA,0.360580624579678,0.349983514170006,NA,0.32695479549113,0.124383499947868,0.579367560668627,0.161153977068147,0.0609665319808124,0.570342681717285,0.551450505681634,0.395117051486295,0.286181403730257
NA,0.346786922689879,0.518463577436933,0.531455431139644,0.349999795687727,NA,0.429585049734566,0.299980274709902,NA,0.217854781112381,0.0874242567722893,0.462261858706809,0.488234614563675,0.149506638723444,0.425141480686294,0.104450261828194,0.576163499064963,0.118204238025854,0.0841034161344433,0.251158002974058,0.173885400663464,0.361626469629712,0.233959871115971,NA,0.368778329159335,0.29927846780697,0.207400731504801,NA,0.379478638000296,0.459092328412653,0.277589510505069,0.124907003349313,0.416044070825619,0.31457075177072,0.513141000271948,0.655820026680712,0.173262922964636,0,0.498673979287238,0.391825293845737,0.0417202641504482,0.0853954434347302,NA,NA,0.612771527297184,NA,NA,0.238680352490299,NA,NA,0.421734370621904,0.298478072145164,NA,0.269214897731259,0.0618471971865438,0.625014122922198,0.0237916078264207,0.161920366812557,0.601149037059338,0.551986369878952,0.400486291495448,0.375322844586132
NA,0.180728401501639,0.114282538623242,0.0766699801172199,0.151118939333616,NA,0.0865650136871521,0.281104932839731,NA,0.456408536313835,0.435531043602526,0.22421448990583,0.0841020876019123,0.377410458229394,0.25392939276737,0.417151485649936,0.0939088989867614,0.385967649200813,0.541052438791819,0.315889305277337,0.355965002303524,0.236365462999744,0.286748913816012,NA,0.135156456383411,0.300184318124786,0.358334817563462,NA,0.194182492973035,0.182196933763251,0.260224566595297,0.464879416652321,0.087557073880309,0.192792522549996,0.164281752357626,0.157875841032183,0.428312597506832,0.498673979287238,0,0.225079917285396,0.500769250290003,0.511233285067578,NA,NA,0.235744920494758,NA,NA,0.429865601428234,NA,NA,0.077591304504734,0.30801085113234,NA,0.32303409497395,0.443687953183061,0.161514799206878,0.474883726742814,0.379689103391625,0.17544180379402,0.226656473210988,0.178113501298158,0.143512328603725
NA,0.252708490725169,0.163564688783802,0.200703932034883,0.193830602732751,NA,0.231728509562048,0.0947534321896291,NA,0.455094219037708,0.365202773365863,0.0706526313078437,0.156456837755171,0.33300937297312,0.047272241707256,0.289075072736095,0.248634465882069,0.312840823996384,0.401134427904354,0.14483060777982,0.218298482881406,0.0302690036633515,0.278256878989944,NA,0.203762554919908,0.353046432111676,0.353135036271103,NA,0.302787841392869,0.0749827762052696,0.287505405894893,0.417746487684814,0.207290262191904,0.220352545912704,0.134014095604467,0.339876569412915,0.407072195053318,0.391825293845737,0.225079917285396,0,0.375816997350426,0.368049542993131,NA,NA,0.224110812892065,NA,NA,0.442096565493566,NA,NA,0.176058481782601,0.108945852652066,NA,0.135658979764095,0.356594419610765,0.268924217247035,0.370684312009066,0.34623488433257,0.228907502152501,0.160726316983192,0.0474797839778815,0.235189735646062
NA,0.359177279788666,0.511259729692749,0.527827973019877,0.355498886922703,NA,0.436599524940339,0.281917397758217,NA,0.256690013615202,0.118894151888434,0.445449020035267,0.483311223516089,0.174641345471401,0.405813404112172,0.0879822652129692,0.573898448207888,0.135672157255543,0.0498940540278756,0.231959837161474,0.1585249093362,0.345568170274161,0.2507038225569,NA,0.37506703395368,0.324597869092401,0.235573759443829,NA,0.396207098626376,0.445891770792445,0.295597073317005,0.16428039208842,0.421109715310019,0.323571501986256,0.50172776275138,0.656395120114871,0.209501380849785,0.0417202641504482,0.500769250290003,0.375816997350426,0,0.0437976745415495,NA,NA,0.59907285867306,NA,NA,0.275593925755712,NA,NA,0.42323680423281,0.276774837330062,NA,0.247224333343764,0.0885014138321104,0.619239842821735,0.0484165613503754,0.189693086473063,0.592112897560123,0.536543275331183,0.389154212713758,0.384916241919686
NA,0.380819792373295,0.511979547184708,0.532224563585988,0.370718371384912,NA,0.452425236901932,0.273296116108499,NA,0.299448290265493,0.158962006675708,0.436022306452421,0.486666523035859,0.20961814744405,0.393825723736373,0.0947428187957389,0.579437562372912,0.166839540069335,0.0331445505836476,0.223293174596727,0.158022272935574,0.33815549745423,0.277719893927552,NA,0.39080680131017,0.357634738463028,0.271622944220274,NA,0.421403598931377,0.440567655561241,0.322955569117272,0.207486910589808,0.435178151481151,0.342548637337958,0.497937395883793,0.664467144843354,0.250971087049492,0.0853954434347302,0.511233285067578,0.368049542993131,0.0437976745415495,0,NA,NA,0.592158184451679,NA,NA,0.317206604763212,NA,NA,0.433748513938898,0.263821463965502,NA,0.234624665307687,0.12755624120806,0.620853725739835,0.0903209136933873,0.2261214699674,0.590362925511825,0.528013164869424,0.386508324732412,0.403691105464524
NA,NA,NA,NA,NA,NA,NA,NA,NA,NA,NA,NA,NA,NA,NA,NA,NA,NA,NA,NA,NA,NA,NA,NA,NA,NA,NA,NA,NA,NA,NA,NA,NA,NA,NA,NA,NA,NA,NA,NA,NA,NA,0,NA,NA,NA,NA,NA,NA,NA,NA,NA,NA,NA,NA,NA,NA,NA,NA,NA,NA,NA
NA,NA,NA,NA,NA,NA,NA,NA,NA,NA,NA,NA,NA,NA,NA,NA,NA,NA,NA,NA,NA,NA,NA,NA,NA,NA,NA,NA,NA,NA,NA,NA,NA,NA,NA,NA,NA,NA,NA,NA,NA,NA,NA,0,NA,NA,NA,NA,NA,NA,NA,NA,NA,NA,NA,NA,NA,NA,NA,NA,NA,NA
NA,0.384388733132686,0.127954178990638,0.159318676055377,0.331574930398697,NA,0.308293672125263,0.318863096917145,NA,0.6419319785565,0.576448887863135,0.157875841032183,0.167833102390883,0.533706958536097,0.204354461796809,0.51166933742629,0.167742537289676,0.523044016905516,0.625245228702709,0.3689249433633,0.44076213303737,0.254098303105135,0.459171419640337,NA,0.32712971912416,0.50608815073617,0.537621948975853,NA,0.415718984921296,0.153681323476567,0.450329824908445,0.622725441633986,0.295033328105505,0.374009480193268,0.103570450157888,0.22421448990583,0.601316664932529,0.612771527297184,0.235744920494758,0.224110812892065,0.59907285867306,0.592158184451679,NA,NA,0,NA,NA,0.621837186861528,NA,NA,0.26163936691854,0.330691209058155,NA,0.358816244330446,0.572448109628652,0.121050172502194,0.590796554660993,0.54310786156809,0.070459430878503,0.0668028867456368,0.213269073409832,0.3507896570045
NA,NA,NA,NA,NA,NA,NA,NA,NA,NA,NA,NA,NA,NA,NA,NA,NA,NA,NA,NA,NA,NA,NA,NA,NA,NA,NA,NA,NA,NA,NA,NA,NA,NA,NA,NA,NA,NA,NA,NA,NA,NA,NA,NA,NA,0,NA,NA,NA,NA,NA,NA,NA,NA,NA,NA,NA,NA,NA,NA,NA,NA
NA,NA,NA,NA,NA,NA,NA,NA,NA,NA,NA,NA,NA,NA,NA,NA,NA,NA,NA,NA,NA,NA,NA,NA,NA,NA,NA,NA,NA,NA,NA,NA,NA,NA,NA,NA,NA,NA,NA,NA,NA,NA,NA,NA,NA,NA,0,NA,NA,NA,NA,NA,NA,NA,NA,NA,NA,NA,NA,NA,NA,NA
NA,0.249310773163238,0.50010479479886,0.491054845337044,0.292398590673035,NA,0.343774519493311,0.380994913028968,NA,0.0337260196515818,0.158837545935368,0.505725723901764,0.461022400922714,0.130170450253472,0.487904728051766,0.267549612644161,0.52287544268697,0.174457630005877,0.322604910185774,0.351534201796875,0.290685851242119,0.418087903044992,0.165258240018707,NA,0.301219154445525,0.133522118249529,0.0891178928568662,NA,0.246122734645026,0.482813461808912,0.173011884019936,0.116152236373474,0.344324336940618,0.248666819683048,0.519416756806721,0.579075699339407,0.0662418891037008,0.238680352490299,0.429865601428234,0.442096565493566,0.275593925755712,0.317206604763212,NA,NA,0.621837186861528,NA,NA,0,NA,NA,0.369371696757362,0.397492095560521,NA,0.376930548347417,0.190509480082755,0.587139130583134,0.227302811996275,0.111009275460581,0.584239392810134,0.576944492636598,0.423872823083963,0.286535693078772
NA,NA,NA,NA,NA,NA,NA,NA,NA,NA,NA,NA,NA,NA,NA,NA,NA,NA,NA,NA,NA,NA,NA,NA,NA,NA,NA,NA,NA,NA,NA,NA,NA,NA,NA,NA,NA,NA,NA,NA,NA,NA,NA,NA,NA,NA,NA,NA,0,NA,NA,NA,NA,NA,NA,NA,NA,NA,NA,NA,NA,NA
NA,NA,NA,NA,NA,NA,NA,NA,NA,NA,NA,NA,NA,NA,NA,NA,NA,NA,NA,NA,NA,NA,NA,NA,NA,NA,NA,NA,NA,NA,NA,NA,NA,NA,NA,NA,NA,NA,NA,NA,NA,NA,NA,NA,NA,NA,NA,NA,NA,0,NA,NA,NA,NA,NA,NA,NA,NA,NA,NA,NA,NA
NA,0.123673616710283,0.134416189993109,0.122024664455306,0.0790860506635792,NA,0.0577959946440625,0.213461784259043,NA,0.393368965609084,0.360840821787803,0.198229143694123,0.0942900527634931,0.304771441643445,0.214590986164581,0.339587807294797,0.159037900975198,0.310314813130532,0.463480645001261,0.243408440276099,0.279052811623851,0.17915119380285,0.216693089107761,NA,0.0681901062531041,0.246371840129192,0.291829049673764,NA,0.155436565220984,0.158544643370854,0.196518390224063,0.393527712961482,0.0362396540289002,0.123098587535009,0.167563260687686,0.23409832671945,0.360580624579678,0.421734370621904,0.077591304504734,0.176058481782601,0.42323680423281,0.433748513938898,NA,NA,0.26163936691854,NA,NA,0.369371696757362,NA,NA,0,0.241650410089067,NA,0.253175404330201,0.367603006471052,0.218950102523194,0.397955913635572,0.308705473978573,0.21586029485641,0.232224135600664,0.129539743656959,0.0891580044343927
