"Abraham Lincoln","Adolf Hitler","Albert Einstein","Alexander the Great","Andrew Jackson","Barack Obama","Benito Mussolini","Benjamin Franklin","Bill Clinton","Bill Gates","Charlemagne","Christopher Columbus","Cleopatra","Constantine the Great","Dwight D. Eisenhower","Elizabeth I of England","Elizabeth II","Fidel Castro","Franklin D. Roosevelt","Gautama Buddha","Genghis Khan","George H. W. Bush","George W. Bush","George Washington","Harry Truman","Henry Ford","Henry VIII of England","Hillary Clinton","Jesus Christ","Joan of Arc","John Adams","John F. Kennedy","Joseph Stalin","Julius Caesar","Karl Marx","Lyndon B. Johnson","Mahatma Gandhi","Malcolm X","Mao Zedong","Margaret Thatcher","Martin Luther King Jr.","Mikhail Gorbachev","Mother Teresa","Napoleon Bonaparte","Nelson Mandela","Pope Francis","Pope John Paul II","Prophet Muhammad","Queen Victoria","Richard Nixon","Robert E. Lee","Ronald Reagan","Rosa Parks","Saddam Hussein","Theodore Roosevelt","Thomas Edison","Thomas Jefferson","Ulysses S. Grant","Vladimir Lenin","Vladimir Putin","Winston Churchill","Woodrow Wilson"
0,NA,NA,NA,NA,NA,NA,NA,NA,NA,NA,NA,NA,NA,NA,NA,NA,NA,NA,NA,NA,NA,NA,NA,NA,NA,NA,NA,NA,NA,NA,NA,NA,NA,NA,NA,NA,NA,NA,NA,NA,NA,NA,NA,NA,NA,NA,NA,NA,NA,NA,NA,NA,NA,NA,NA,NA,NA,NA,NA,NA,NA
NA,0,NA,NA,NA,NA,NA,NA,NA,NA,NA,NA,NA,NA,NA,NA,NA,NA,NA,NA,NA,NA,NA,NA,NA,NA,NA,NA,NA,NA,NA,NA,NA,NA,NA,NA,NA,NA,NA,NA,NA,NA,NA,NA,NA,NA,NA,NA,NA,NA,NA,NA,NA,NA,NA,NA,NA,NA,NA,NA,NA,NA
NA,NA,0,0.326983716695079,NA,0.09572184310185,0.211705573020508,0.372461028789284,0.0560904515555743,0.0984338981732579,0.41146243742804,0.19617010598451,0.269138383661996,NA,NA,0.275735978641191,0.182492707100299,0.285821249527061,NA,0.227769025926671,NA,0.111965277345618,0.26703856560374,0.27687113320223,0.0332494188594031,0.370006565901755,0.10448863473783,0.186114374368133,0.384946683842448,NA,0.367074473448012,NA,0.168761944947994,0.35804539581743,0.125422062566923,0.107675483371327,0.146220430060185,0.367433956950762,0.104247340872676,0.368327332312329,0.228357946274689,0.13877279908942,NA,0.126829825058041,0.167739905565783,NA,0.171997283086733,0.306145921742352,0.360830935160123,0.189300402874988,0.188953390625647,NA,0.27117879874131,0.156875710947542,0.0840116257412793,0.288175361597165,0.167459118321352,0.191863106033094,0.232996080835639,0.265236862076937,0.276506146052181,0.260812270571363
NA,NA,0.326983716695079,0,NA,0.382582306915368,0.467211706714589,0.160460475141811,0.301726864643143,0.240753852049129,0.0938296286817381,0.170045815262813,0.209969406596691,NA,NA,0.0633045051966118,0.144637447463372,0.555683413497535,NA,0.306199094866519,NA,0.215244630498635,0.0880766195052175,0.106068847125285,0.303663926595953,0.102663869420612,0.238826317807339,0.482651685159405,0.286622006518823,NA,0.123255517540484,NA,0.198309693273811,0.216423209495912,0.369862851728253,0.22078224685757,0.40877425892667,0.255149490545326,0.28262073535526,0.666847165340153,0.550909382521745,0.206395359335585,NA,0.286806547324289,0.472805201112562,NA,0.351928651538221,0.281988181114804,0.076669102161837,0.142698650543551,0.458945572936155,NA,0.255462348469681,0.38588521416818,0.388748721911338,0.135943049332747,0.476505728252516,0.150844462019766,0.109901520217263,0.543548074334565,0.572933747463999,0.566898762884746
NA,NA,NA,NA,0,NA,NA,NA,NA,NA,NA,NA,NA,NA,NA,NA,NA,NA,NA,NA,NA,NA,NA,NA,NA,NA,NA,NA,NA,NA,NA,NA,NA,NA,NA,NA,NA,NA,NA,NA,NA,NA,NA,NA,NA,NA,NA,NA,NA,NA,NA,NA,NA,NA,NA,NA,NA,NA,NA,NA,NA,NA
NA,NA,0.09572184310185,0.382582306915368,NA,0,0.115984871667657,0.453735285385633,0.0834800646618085,0.184279310108374,0.47329024381811,0.27913306127281,0.360011527065257,NA,NA,0.34094772323994,0.241971132363479,0.192759920910386,NA,0.323395568003177,NA,0.176322114063777,0.338127030456281,0.352797840656844,0.093187623218691,0.442236845526385,0.143879208745434,0.101306996573796,0.478234898242242,NA,0.443147035313061,NA,0.193222565948013,0.446867742093474,0.0468048878107336,0.181883949587059,0.217804562259109,0.459238131444793,0.10432539589105,0.287447967386608,0.224889527898121,0.176627698546188,NA,0.111853897353782,0.203407157968134,NA,0.263004372065712,0.401104735996702,0.429140480479977,0.259036002885329,0.0938160724252661,NA,0.365459730334061,0.0735360671713957,0.0242616802812635,0.369489208656486,0.0947603269982165,0.267652278654534,0.276693756259937,0.173912230574909,0.193329172962038,0.184494525283058
NA,NA,0.211705573020508,0.467211706714589,NA,0.115984871667657,0,0.558085653587972,0.189949676965351,0.296361057689892,0.560646861160939,0.387389881641496,0.472532885994384,NA,NA,0.434954600108457,0.336818483240977,0.0884915339061844,NA,0.439339822003469,NA,0.279231465629739,0.436696847693924,0.454597275190205,0.205843705336616,0.539267322852501,0.238641981895389,0.0733420951066646,0.592186271587803,NA,0.543361312578892,NA,0.26899751879402,0.557354521859055,0.101374769693221,0.289032969237289,0.322095881666033,0.572041519162645,0.187926106595824,0.207801752710451,0.271226634705979,0.264588706515713,NA,0.180470094987564,0.286746229743093,NA,0.37655542885089,0.516475243176889,0.523144325387426,0.359592987789039,0.0279725696303882,NA,0.480374237330634,0.0813409750585619,0.131661676998458,0.474984528251354,0.102750554729224,0.371725433570738,0.357434588731554,0.0794008036673236,0.121465570638381,0.132723885404459
NA,NA,0.372461028789284,0.160460475141811,NA,0.453735285385633,0.558085653587972,0,0.371043229734671,0.274052741655386,0.135573920780629,0.176322114063777,0.129967964860119,NA,NA,0.140823493273254,0.225620176439965,0.643535931573247,NA,0.240984077876937,NA,0.27913306127281,0.127132318772238,0.104637033707128,0.361779995351806,0.0652242775617051,0.320006517080704,0.553832756587042,0.139429310715031,NA,0.0397516281799168,NA,0.308259091133285,0.071501576752026,0.456715892549379,0.271853350604314,0.396468637401065,0.110400340354862,0.371977860133113,0.739207293725276,0.566401365824656,0.298941993634424,NA,0.385103924944945,0.475501051855228,NA,0.31709341527515,0.172612908202935,0.089976734469131,0.198965365898595,0.543057863394174,NA,0.166577271458637,0.480357291754989,0.451461844062886,0.0844675985916815,0.538987054792964,0.186615308329724,0.234484861016637,0.626743512339707,0.645893809394664,0.632598459848438
NA,NA,0.0560904515555743,0.301726864643143,NA,0.0834800646618085,0.189949676965351,0.371043229734671,0,0.107287342947087,0.391205238717051,0.197858943604267,0.282953563810838,NA,NA,0.257919993443099,0.159276648078501,0.273010240185536,NA,0.262471874051621,NA,0.0928594775084731,0.254653512570474,0.269485032082949,0.0256082944350568,0.358775715455949,0.0638765394580856,0.184737031149209,0.403448835326859,NA,0.359744340278137,NA,0.122933139871923,0.367433956950762,0.0910307406291142,0.0996564073353622,0.201981500712945,0.382470588128659,0.0482763404964603,0.370906775560359,0.271496609026956,0.0988979683643019,NA,0.0707900649997751,0.220598976738615,NA,0.219079697102792,0.330869059214391,0.345930256718268,0.175557274694215,0.172537733818212,NA,0.293615397602741,0.120306113885986,0.0870219108357803,0.287050349445588,0.175191753590903,0.184597904804394,0.198942351558087,0.255713155034013,0.276807731701692,0.267152851524563
NA,NA,0.0984338981732579,0.240753852049129,NA,0.184279310108374,0.296361057689892,0.274052741655386,0.107287342947087,0,0.319278343251397,0.0977414692851946,0.176206661440248,NA,NA,0.184063843295242,0.103288842625266,0.376977403372322,NA,0.164611000284252,NA,0.0513752773646118,0.171875965474863,0.179409835843265,0.091164773694042,0.273201182188909,0.088344807917152,0.281728260828108,0.296199646591396,NA,0.269148780159491,NA,0.136251448356113,0.262623019542409,0.198316106808305,0.0310743676642537,0.17567315409607,0.275691693190083,0.13112152623689,0.465885156264574,0.311025968252778,0.10205999561267,NA,0.153518921185829,0.232480195909155,NA,0.148087370119819,0.224515947593337,0.265769562948487,0.0982269409967648,0.277220041064303,NA,0.186808769770855,0.227192015203386,0.178773507864279,0.189741990103636,0.265226312237813,0.09586789218798,0.164196331166008,0.358065288175579,0.373242202920627,0.358787059514872
NA,NA,0.41146243742804,0.0938296286817381,NA,0.47329024381811,0.560646861160939,0.135573920780629,0.391205238717051,0.319278343251397,0,0.233653488608084,0.238383885566233,NA,NA,0.13579139713264,0.232067319945964,0.649077623014453,NA,0.347997014170475,NA,0.301527834121458,0.148745524217071,0.150608187264273,0.390794721836802,0.074049696946636,0.329469159628537,0.574001881687146,0.274982156007987,NA,0.0984674876293365,NA,0.291950728377208,0.206342356062236,0.462630496407838,0.303830581889028,0.476420306361366,0.245809369246432,0.375077831384487,0.758970976867802,0.629893277815416,0.298308233373655,NA,0.380179140091447,0.546838410231703,NA,0.409188496121237,0.298754731402066,0.0611959392343873,0.222435175328683,0.551801205588547,NA,0.28270442910432,0.479360687791724,0.477993882848211,0.164207175394157,0.566395976461906,0.223985074385607,0.203643380794777,0.636550566331646,0.664884321164522,0.657784203554429
NA,NA,0.19617010598451,0.170045815262813,NA,0.27913306127281,0.387389881641496,0.176322114063777,0.197858943604267,0.0977414692851946,0.233653488608084,0,0.0944780415470021,NA,NA,0.106945375248505,0.0871591901870441,0.470771966469833,NA,0.145767410479781,NA,0.11015352197237,0.0860311725391129,0.0854318102883877,0.186350677221454,0.179320488663053,0.155311249500092,0.378302369870879,0.21557410212233,NA,0.172766103625326,NA,0.168174577459772,0.170664008254529,0.286756874944052,0.0983589265127106,0.242958364793087,0.190444529981167,0.20722192808696,0.563190098060514,0.399712170250227,0.145269208309008,NA,0.224793362030529,0.313890841760299,NA,0.18188394958706,0.161725312049165,0.175774485906126,0.0544940445567417,0.370360456116968,NA,0.124002421517198,0.313009509425944,0.275593870942575,0.092011880379336,0.362751818013882,0.0320337030186224,0.139270495913231,0.452906478851767,0.470168559374672,0.45635260323062
NA,NA,0.269138383661996,0.209969406596691,NA,0.360011527065257,0.472532885994384,0.129967964860119,0.282953563810838,0.176206661440248,0.238383885566233,0.0944780415470021,0,NA,NA,0.153434392086357,0.178735085359727,0.552759242492616,NA,0.112257973796668,NA,0.201749636368074,0.126281093219843,0.104012824366143,0.267206168226159,0.167124595095877,0.247629154112777,0.455212381999192,0.121988005611256,NA,0.148312224877643,NA,0.262201338899737,0.0906863766920529,0.373716930352512,0.186747483260283,0.268944557217539,0.0995235865571108,0.29859802189485,0.636365516110184,0.442674935572866,0.23968963025802,NA,0.317478245306458,0.349866942635141,NA,0.187504663526296,0.0747574065256564,0.177753220897223,0.145090488690417,0.453312373753319,NA,0.0457884036926613,0.401604168184542,0.352575693915401,0.0764298429378273,0.435822800648881,0.12324932592198,0.221044784122315,0.533298300185444,0.545454614830175,0.528342734543452
NA,NA,NA,NA,NA,NA,NA,NA,NA,NA,NA,NA,NA,0,NA,NA,NA,NA,NA,NA,NA,NA,NA,NA,NA,NA,NA,NA,NA,NA,NA,NA,NA,NA,NA,NA,NA,NA,NA,NA,NA,NA,NA,NA,NA,NA,NA,NA,NA,NA,NA,NA,NA,NA,NA,NA,NA,NA,NA,NA,NA,NA
NA,NA,NA,NA,NA,NA,NA,NA,NA,NA,NA,NA,NA,NA,0,NA,NA,NA,NA,NA,NA,NA,NA,NA,NA,NA,NA,NA,NA,NA,NA,NA,NA,NA,NA,NA,NA,NA,NA,NA,NA,NA,NA,NA,NA,NA,NA,NA,NA,NA,NA,NA,NA,NA,NA,NA,NA,NA,NA,NA,NA,NA
NA,NA,0.275735978641191,0.0633045051966118,NA,0.34094772323994,0.434954600108457,0.140823493273254,0.257919993443099,0.184063843295242,0.13579139713264,0.106945375248505,0.153434392086357,NA,NA,0,0.0991548466369053,0.522684620053812,NA,0.243976011222513,NA,0.166638343584558,0.0271886098665494,0.0519121698751141,0.255849403056763,0.105008324834174,0.198294299944685,0.44217989645706,0.245829030725988,NA,0.113877811837715,NA,0.172553950671302,0.179371549644186,0.334690302878427,0.168073204117199,0.347523751149478,0.214755990109791,0.247134552379773,0.628067284765112,0.495065147347327,0.17039401140254,NA,0.256017375543838,0.414080953343846,NA,0.288767938241884,0.227573498254589,0.0884714094525415,0.0866557478431657,0.423546900759138,NA,0.197802366921116,0.354564264686354,0.344081074531748,0.0862202003364393,0.432797050640879,0.090222360866251,0.0937238378813105,0.508427219642981,0.533848461500831,0.525072146142732
NA,NA,0.182492707100299,0.144637447463372,NA,0.241971132363479,0.336818483240977,0.225620176439965,0.159276648078501,0.103288842625266,0.232067319945964,0.0871591901870441,0.178735085359727,NA,NA,0.0991548466369053,0,0.42416325650419,NA,0.225584094891463,NA,0.0706173709470379,0.10034576240752,0.121016574713565,0.159265468135979,0.202514786131435,0.099185627322654,0.343129765723771,0.296168728047827,NA,0.20707579693611,NA,0.0858891286790928,0.241925923471036,0.236066639106349,0.0781999417724231,0.278619520184014,0.268472170413582,0.148921565609427,0.528937968619123,0.408163333053547,0.0735326078715151,NA,0.159946014567822,0.334325285625908,NA,0.239774517464279,0.248637914530802,0.187591468733817,0.0336448970319266,0.324679083491494,NA,0.211132854938623,0.257111963381664,0.245938692239714,0.147777851358048,0.334435593250924,0.0558222377852877,0.0626582766614679,0.409509769739403,0.434718847108739,0.426289914200478
NA,NA,0.285821249527061,0.555683413497535,NA,0.192759920910386,0.0884915339061844,0.643535931573247,0.273010240185536,0.376977403372322,0.649077623014453,0.470771966469833,0.552759242492616,NA,NA,0.522684620053812,0.42416325650419,0,NA,0.509746358446962,NA,0.364414163447057,0.523626460177369,0.540742227226345,0.28581857955224,0.626676134050124,0.325417059927476,0.105614609319136,0.67048175504518,NA,0.630086284694213,NA,0.357487960385306,0.63945197715334,0.188097935610195,0.372666544133529,0.37387957472087,0.651924844828658,0.275556024721765,0.126643161449017,0.279430901415871,0.352477558587102,NA,0.268903883212919,0.321722900632533,NA,0.439562101395976,0.591793097080641,0.611004669340663,0.445832223739646,0.100512933695359,NA,0.556994761530593,0.169831761968844,0.201926079112265,0.559858647211225,0.135303463836776,0.456923038636685,0.445922364273581,0.0249542720114497,0.0654656335167348,0.0941760044478162
NA,NA,NA,NA,NA,NA,NA,NA,NA,NA,NA,NA,NA,NA,NA,NA,NA,NA,0,NA,NA,NA,NA,NA,NA,NA,NA,NA,NA,NA,NA,NA,NA,NA,NA,NA,NA,NA,NA,NA,NA,NA,NA,NA,NA,NA,NA,NA,NA,NA,NA,NA,NA,NA,NA,NA,NA,NA,NA,NA,NA,NA
NA,NA,0.227769025926671,0.306199094866519,NA,0.323395568003177,0.439339822003469,0.240984077876937,0.262471874051621,0.164611000284252,0.347997014170475,0.145767410479781,0.112257973796668,NA,NA,0.243976011222513,0.225584094891463,0.509746358446962,NA,0,NA,0.211042474008864,0.218135998087172,0.203216980604158,0.239850890263157,0.278495325625347,0.252687046751108,0.40581575127626,0.18117629541176,NA,0.260485331012773,NA,0.291853126211079,0.188612483421628,0.350061016167775,0.190464564471972,0.174039436904662,0.176477855296695,0.294487395989426,0.575448321204121,0.35238156157647,0.260539035805741,NA,0.317559961609094,0.257494562590224,NA,0.0870306798172952,0.0941543932939667,0.286842022329505,0.197048610472989,0.415837249407083,NA,0.0767055899361474,0.380967190572945,0.30919510434148,0.18380245857921,0.380875702698387,0.176164791178792,0.283564229823273,0.487586964502927,0.490109671906669,0.468238515791249
NA,NA,NA,NA,NA,NA,NA,NA,NA,NA,NA,NA,NA,NA,NA,NA,NA,NA,NA,NA,0,NA,NA,NA,NA,NA,NA,NA,NA,NA,NA,NA,NA,NA,NA,NA,NA,NA,NA,NA,NA,NA,NA,NA,NA,NA,NA,NA,NA,NA,NA,NA,NA,NA,NA,NA,NA,NA,NA,NA,NA,NA
NA,NA,0.111965277345618,0.215244630498635,NA,0.176322114063777,0.279231465629739,0.27913306127281,0.0928594775084731,0.0513752773646118,0.301527834121458,0.11015352197237,0.201749636368074,NA,NA,0.166638343584558,0.0706173709470379,0.364414163447057,NA,0.211042474008864,NA,0,0.161926517756055,0.176764463582121,0.0892813970347362,0.266084273999208,0.045965835807942,0.277507101482375,0.323737550612924,NA,0.266908982402805,NA,0.0848821733554688,0.280724233524131,0.177987761663379,0.0209900339903287,0.220740765061817,0.299913024263859,0.097156748486272,0.463680617556305,0.33874036151542,0.0508877310222128,NA,0.115815872606959,0.268472170413582,NA,0.199416165890877,0.260104197119784,0.253948300715359,0.082742439686569,0.263961125137485,NA,0.221497733441649,0.203235756021476,0.177717440542808,0.19575471640287,0.266508401245239,0.0925521584964104,0.12359352073137,0.347933413481681,0.369628938947629,0.35929150753412
NA,NA,0.26703856560374,0.0880766195052175,NA,0.338127030456281,0.436696847693924,0.127132318772238,0.254653512570474,0.171875965474863,0.148745524217071,0.0860311725391129,0.126281093219843,NA,NA,0.0271886098665494,0.10034576240752,0.523626460177369,NA,0.218135998087172,NA,0.161926517756055,0,0.0271605272873223,0.249911461012592,0.104159459059767,0.198213465353899,0.439383823725272,0.221785805084415,NA,0.10676445070173,NA,0.181193143013,0.157272481936768,0.335623089649274,0.159982589468606,0.328824612473305,0.191073941694193,0.248995736248099,0.625558058209757,0.481531476712817,0.173809813066004,NA,0.260230326267289,0.398117349115122,NA,0.266451126203835,0.20053175570638,0.0939623764940187,0.0792244035462932,0.423697621612189,NA,0.170619286934395,0.35734917750527,0.339350335273241,0.0615771743958785,0.428107835592336,0.0760126736817536,0.11071325929116,0.508309630374183,0.5314553699941,0.521126886832125
NA,NA,0.27687113320223,0.106068847125285,NA,0.352797840656844,0.454597275190205,0.104637033707128,0.269485032082949,0.179409835843265,0.150608187264273,0.0854318102883877,0.104012824366143,NA,NA,0.0519121698751141,0.121016574713565,0.540742227226345,NA,0.203216980604158,NA,0.176764463582121,0.0271605272873223,0,0.262487380158685,0.0941543932939667,0.216069133517159,0.453694918275685,0.194743717191479,NA,0.090585339598261,NA,0.20453082861109,0.130190897992076,0.353253236801792,0.171899643927253,0.326481552671,0.163959128159809,0.267766302635276,0.639726801493011,0.485116686727168,0.194305642166662,NA,0.280503953461902,0.399070799625303,NA,0.258846404540134,0.177034802961672,0.0910307406291142,0.0950042959342392,0.440432193114812,NA,0.149402481622187,0.376231031103323,0.35238156157647,0.0345697074458421,0.440815528106185,0.0855954187728644,0.137461472625241,0.524634010002514,0.545883029927567,0.534243807831516
NA,NA,0.0332494188594031,0.303663926595953,NA,0.093187623218691,0.205843705336616,0.361779995351806,0.0256082944350568,0.091164773694042,0.390794721836802,0.186350677221454,0.267206168226159,NA,NA,0.255849403056763,0.159265468135979,0.28581857955224,NA,0.239850890263157,NA,0.0892813970347362,0.249911461012592,0.262487380158685,0,0.3539007325451,0.0731476086706466,0.192072472497672,0.3863536243777,NA,0.353071725204863,NA,0.136713672806867,0.353690066843138,0.110648907146303,0.0905881477058798,0.177356371470782,0.366598777094555,0.0722131232026381,0.377580849706529,0.258035360584049,0.108233934472064,NA,0.0955808937516503,0.200775162655859,NA,0.193790459002351,0.311450151053001,0.342764830223058,0.170847243277303,0.186108907169543,NA,0.274839658540572,0.141220332391218,0.0899173448122114,0.277355812731401,0.178387484437515,0.17690399878614,0.205383481071144,0.267080476119659,0.284115393009648,0.271756954843552
NA,NA,0.370006565901755,0.102663869420612,NA,0.442236845526385,0.539267322852501,0.0652242775617051,0.358775715455949,0.273201182188909,0.074049696946636,0.179320488663053,0.167124595095877,NA,NA,0.105008324834174,0.202514786131435,0.626676134050124,NA,0.278495325625347,NA,0.266084273999208,0.104159459059767,0.0941543932939667,0.3539007325451,0,0.301444303378959,0.543512505614555,0.203563420692239,NA,0.0256777340593496,NA,0.277308116747591,0.133678745811983,0.438578357409388,0.263667999898057,0.417548389146034,0.173530052094402,0.351341240103829,0.729681187370598,0.578979638145619,0.274979380788544,NA,0.360900721083902,0.492033023802242,NA,0.345112323884554,0.224906494076961,0.0265447770808918,0.183378474355244,0.52707351873468,NA,0.210361565437159,0.45919381637921,0.443457473916513,0.0968630644550478,0.532190535609797,0.178143474645556,0.19468492860595,0.6118288559048,0.635556338523341,0.625268056217251
NA,NA,0.10448863473783,0.238826317807339,NA,0.143879208745434,0.238641981895389,0.320006517080704,0.0638765394580856,0.088344807917152,0.329469159628537,0.155311249500092,0.247629154112777,NA,NA,0.198294299944685,0.099185627322654,0.325417059927476,NA,0.252687046751108,NA,0.045965835807942,0.198213465353899,0.216069133517159,0.0731476086706466,0.301444303378959,0,0.244576870298701,0.369608980711643,NA,0.304767676195648,NA,0.0644987346635041,0.32540533427111,0.137430009922323,0.0637689259560633,0.236806843858405,0.345518219359207,0.0523610428557751,0.430033433582566,0.331160312171873,0.0354129949636166,NA,0.0698640974483168,0.271422580298295,NA,0.230667718412071,0.30570689057374,0.286756874944052,0.121113228300234,0.225630323335875,NA,0.267152851524563,0.160378018571545,0.150445955826764,0.237924593932925,0.237702106492441,0.134866586845763,0.135066369760676,0.310399670779971,0.335831454504309,0.328356253488431
NA,NA,0.186114374368133,0.482651685159405,NA,0.101306996573796,0.0733420951066646,0.553832756587042,0.184737031149209,0.281728260828108,0.574001881687146,0.378302369870879,0.455212381999192,NA,NA,0.44217989645706,0.343129765723771,0.105614609319136,NA,0.40581575127626,NA,0.277507101482375,0.439383823725272,0.453694918275685,0.192072472497672,0.543512505614555,0.244576870298701,0,0.570529375978527,NA,0.54415238685559,NA,0.289419074349777,0.543720736756168,0.118121108514651,0.282199190070665,0.268866041405356,0.553517125140893,0.201025867390717,0.186175869289477,0.198290451425687,0.276266850337903,NA,0.202444432725279,0.222087248192904,NA,0.334125117487283,0.489954979167227,0.530420973384517,0.360246741717832,0.0499340218662164,NA,0.456174195880651,0.117536053050012,0.102973124725167,0.469423505830322,0.0323183120921549,0.368332857298283,0.375376120234222,0.0821748165174847,0.092188645876498,0.084852199777305
NA,NA,0.384946683842448,0.286622006518823,NA,0.478234898242242,0.592186271587803,0.139429310715031,0.403448835326859,0.296199646591396,0.274982156007987,0.21557410212233,0.121988005611256,NA,NA,0.245829030725988,0.296168728047827,0.67048175504518,NA,0.18117629541176,NA,0.323737550612924,0.221785805084415,0.194743717191479,0.3863536243777,0.203563420692239,0.369608980711643,0.570529375978527,0,NA,0.17792629612283,NA,0.381351600195217,0.0708439455593959,0.494441998097057,0.308532937966313,0.355215099643569,0.031489090378798,0.420547149853062,0.747943167519762,0.533556765490789,0.360695554277739,NA,0.439449818047002,0.438670568396456,NA,0.268189666842096,0.0870219108357803,0.226124713598512,0.262894088361792,0.571970810143799,NA,0.114925103737627,0.52282330391448,0.468950737040912,0.160211390364989,0.549003251208741,0.242226456600468,0.329566427647351,0.650178728330866,0.659075735587908,0.639889413258522
NA,NA,NA,NA,NA,NA,NA,NA,NA,NA,NA,NA,NA,NA,NA,NA,NA,NA,NA,NA,NA,NA,NA,NA,NA,NA,NA,NA,NA,0,NA,NA,NA,NA,NA,NA,NA,NA,NA,NA,NA,NA,NA,NA,NA,NA,NA,NA,NA,NA,NA,NA,NA,NA,NA,NA,NA,NA,NA,NA,NA,NA
NA,NA,0.367074473448012,0.123255517540484,NA,0.443147035313061,0.543361312578892,0.0397516281799168,0.359744340278137,0.269148780159491,0.0984674876293365,0.172766103625326,0.148312224877643,NA,NA,0.113877811837715,0.20707579693611,0.630086284694213,NA,0.260485331012773,NA,0.266908982402805,0.10676445070173,0.090585339598261,0.353071725204863,0.0256777340593496,0.304767676195648,0.54415238685559,0.17792629612283,NA,0,NA,0.285829259301878,0.10824098500685,0.442196579267215,0.262484472833385,0.405803214490613,0.148011769749583,0.355744635175014,0.730233183694218,0.570727750046995,0.280453164801818,NA,0.366840169536311,0.482143877342901,NA,0.330639103411954,0.202087263381082,0.0503601224217857,0.184473842426699,0.529984379274203,NA,0.189956372760935,0.464113264749306,0.44296158654538,0.0841114865113164,0.53139840843967,0.17617923032403,0.206730320998324,0.614427691470271,0.636333936291967,0.624828526160322
NA,NA,NA,NA,NA,NA,NA,NA,NA,NA,NA,NA,NA,NA,NA,NA,NA,NA,NA,NA,NA,NA,NA,NA,NA,NA,NA,NA,NA,NA,NA,0,NA,NA,NA,NA,NA,NA,NA,NA,NA,NA,NA,NA,NA,NA,NA,NA,NA,NA,NA,NA,NA,NA,NA,NA,NA,NA,NA,NA,NA,NA
NA,NA,0.168761944947994,0.198309693273811,NA,0.193222565948013,0.26899751879402,0.308259091133285,0.122933139871923,0.136251448356113,0.291950728377208,0.168174577459772,0.262201338899737,NA,NA,0.172553950671302,0.0858891286790928,0.357487960385306,NA,0.291853126211079,NA,0.0848821733554688,0.181193143013,0.20453082861109,0.136713672806867,0.277308116747591,0.0644987346635041,0.289419074349777,0.381351600195217,NA,0.285829259301878,NA,0,0.327795667440856,0.173336445579352,0.105602565917612,0.299153799016457,0.354082537584689,0.089007457047556,0.470802764890909,0.393904178598029,0.0347092352442609,NA,0.088930259386342,0.335919307831333,NA,0.284204912008974,0.329059701546429,0.258327984242504,0.118551032077892,0.261785780993941,NA,0.290713471412845,0.187656546288456,0.20480923049009,0.233104140664895,0.287833547353501,0.139270495913231,0.0884484044701718,0.345936139410682,0.377546489293641,0.374267865703988
NA,NA,0.35804539581743,0.216423209495912,NA,0.446867742093474,0.557354521859055,0.071501576752026,0.367433956950762,0.262623019542409,0.206342356062236,0.170664008254529,0.0906863766920529,NA,NA,0.179371549644186,0.241925923471036,0.63945197715334,NA,0.188612483421628,NA,0.280724233524131,0.157272481936768,0.130190897992076,0.353690066843138,0.133678745811983,0.32540533427111,0.543720736756168,0.0708439455593959,NA,0.10824098500685,NA,0.327795667440856,0,0.457144002293631,0.268616151773087,0.35614698415649,0.0399686076947265,0.377584891902476,0.726030779570076,0.53179605452314,0.311275317196583,NA,0.394255329002154,0.438225572919594,NA,0.27181591941752,0.107228051788679,0.155519117994644,0.210138947740701,0.539391368089496,NA,0.111949372702714,0.483662545702318,0.440810334529131,0.0968078995122422,0.525263957926242,0.191890946384442,0.267476396451558,0.620688287283643,0.634549729337032,0.618129355189384
NA,NA,0.125422062566923,0.369862851728253,NA,0.0468048878107336,0.101374769693221,0.456715892549379,0.0910307406291142,0.198316106808305,0.462630496407838,0.286756874944052,0.373716930352512,NA,NA,0.334690302878427,0.236066639106349,0.188097935610195,NA,0.350061016167775,NA,0.177987761663379,0.335623089649274,0.353253236801792,0.110648907146303,0.438578357409388,0.137430009922323,0.118121108514651,0.494441998097057,NA,0.442196579267215,NA,0.173336445579352,0.457144002293631,0,0.188531545433311,0.259932993857214,0.47319295250643,0.0877438551621414,0.297502164208758,0.269555818181503,0.164790160367615,NA,0.0849540667958178,0.250012209813441,NA,0.297285759467957,0.421545214575332,0.423079986266909,0.25825116568971,0.0891844728547162,NA,0.384492438100849,0.0314567607086941,0.0709730920125598,0.373704678119507,0.123657307753832,0.27041509454229,0.26089906025979,0.174037975291147,0.20424955642898,0.202534882615961
NA,NA,0.107675483371327,0.22078224685757,NA,0.181883949587059,0.289032969237289,0.271853350604314,0.0996564073353622,0.0310743676642537,0.303830581889028,0.0983589265127106,0.186747483260283,NA,NA,0.168073204117199,0.0781999417724231,0.372666544133529,NA,0.190464564471972,NA,0.0209900339903287,0.159982589468606,0.171899643927253,0.0905881477058798,0.263667999898057,0.0637689259560633,0.282199190070665,0.308532937966313,NA,0.262484472833385,NA,0.105602565917612,0.268616151773087,0.188531545433311,0,0.204291896460764,0.285751822073821,0.112334991605617,0.468019529022492,0.330413606851482,0.0718387581308135,NA,0.132693216414614,0.256341082537038,NA,0.179070647611363,0.242262159520052,0.253477069477123,0.0816531058103692,0.272189999648772,NA,0.203800710566545,0.215367503217397,0.180492645997616,0.187628077635681,0.268936990426639,0.086317506043133,0.136458524634009,0.355195047663379,0.374358250432752,0.362344166533306
NA,NA,0.146220430060185,0.40877425892667,NA,0.217804562259109,0.322095881666033,0.396468637401065,0.201981500712945,0.17567315409607,0.476420306361366,0.242958364793087,0.268944557217539,NA,NA,0.347523751149478,0.278619520184014,0.37387957472087,NA,0.174039436904662,NA,0.220740765061817,0.328824612473305,0.326481552671,0.177356371470782,0.417548389146034,0.236806843858405,0.268866041405356,0.355215099643569,NA,0.405803214490613,NA,0.299153799016457,0.35614698415649,0.259932993857214,0.204291896460764,0,0.349243288860066,0.249569222427451,0.417062561041367,0.17835325758826,0.265062256192987,NA,0.272738966125137,0.0834556838012822,NA,0.0870452928233954,0.268193460806699,0.417511225291963,0.267985662211844,0.294808553346811,NA,0.246393369201747,0.290107332280822,0.19555579646872,0.321855706136482,0.238604671182709,0.257944648876341,0.339864920953345,0.349549796912333,0.340256891085592,0.313976732472155
NA,NA,0.367433956950762,0.255149490545326,NA,0.459238131444793,0.572041519162645,0.110400340354862,0.382470588128659,0.275691693190083,0.245809369246432,0.190444529981167,0.0995235865571108,NA,NA,0.214755990109791,0.268472170413582,0.651924844828658,NA,0.176477855296695,NA,0.299913024263859,0.191073941694193,0.163959128159809,0.366598777094555,0.173530052094402,0.345518219359207,0.553517125140893,0.031489090378798,NA,0.148011769749583,NA,0.354082537584689,0.0399686076947265,0.47319295250643,0.285751822073821,0.349243288860066,0,0.397036054166272,0.733150368503277,0.526985191490618,0.334761738820247,NA,0.415172999121065,0.432424255327257,NA,0.262852478104405,0.0853185884344696,0.195482938570389,0.235540200029121,0.552674099764732,NA,0.103426666151762,0.500918983875868,0.451202017671689,0.129526839279074,0.533190966900631,0.215531617955343,0.299628752484367,0.632209092706993,0.643114028780494,0.625030829771411
NA,NA,0.104247340872676,0.28262073535526,NA,0.10432539589105,0.187926106595824,0.371977860133113,0.0482763404964603,0.13112152623689,0.375077831384487,0.20722192808696,0.29859802189485,NA,NA,0.247134552379773,0.148921565609427,0.275556024721765,NA,0.294487395989426,NA,0.097156748486272,0.248995736248099,0.267766302635276,0.0722131232026381,0.351341240103829,0.0523610428557751,0.201025867390717,0.420547149853062,NA,0.355744635175014,NA,0.089007457047556,0.377584891902476,0.0877438551621414,0.112334991605617,0.249569222427451,0.397036054166272,0,0.384236316486584,0.314131438528595,0.0770464097567447,NA,0.0242197050244254,0.268087209502192,NA,0.260429661632048,0.354059547637982,0.335454029665424,0.173013286608514,0.176892494892594,NA,0.315768596202393,0.108478085597529,0.117414792535584,0.290209904271283,0.198838754061702,0.187220909949332,0.174436541076968,0.2617741203305,0.290409684062621,0.285792768509649
NA,NA,0.368327332312329,0.666847165340153,NA,0.287447967386608,0.207801752710451,0.739207293725276,0.370906775560359,0.465885156264574,0.758970976867802,0.563190098060514,0.636365516110184,NA,NA,0.628067284765112,0.528937968619123,0.126643161449017,NA,0.575448321204121,NA,0.463680617556305,0.625558058209757,0.639726801493011,0.377580849706529,0.729681187370598,0.430033433582566,0.186175869289477,0.747943167519762,NA,0.730233183694218,NA,0.470802764890909,0.726030779570076,0.297502164208758,0.468019529022492,0.417062561041367,0.733150368503277,0.384236316486584,0,0.273063344777755,0.460692063473858,NA,0.382079315128772,0.346266145310547,NA,0.495681868190377,0.664506215874758,0.71640190601202,0.546421451572247,0.209430811109442,NA,0.633018530543841,0.286152133332982,0.287758417490868,0.65474220266636,0.200870163384804,0.554269841048219,0.558324899079356,0.128485717643705,0.0942192118846012,0.10812106338777
NA,NA,0.228357946274689,0.550909382521745,NA,0.224889527898121,0.271226634705979,0.566401365824656,0.271496609026956,0.311025968252778,0.629893277815416,0.399712170250227,0.442674935572866,NA,NA,0.495065147347327,0.408163333053547,0.279430901415871,NA,0.35238156157647,NA,0.33874036151542,0.481531476712817,0.485116686727168,0.258035360584049,0.578979638145619,0.331160312171873,0.198290451425687,0.533556765490789,NA,0.570727750046995,NA,0.393904178598029,0.53179605452314,0.269555818181503,0.330413606851482,0.17835325758826,0.526985191490618,0.314131438528595,0.273063344777755,0,0.366244030314576,NA,0.329510849438126,0.0949078557262773,NA,0.265397934780252,0.44653517913834,0.57462197720798,0.409081556120728,0.245408553151213,NA,0.423748050084513,0.288034975380255,0.203216980604158,0.486977229983043,0.168820719978267,0.405910391510328,0.461208598900993,0.255366738318136,0.223493918348393,0.191795476926635
NA,NA,0.13877279908942,0.206395359335585,NA,0.176627698546188,0.264588706515713,0.298941993634424,0.0988979683643019,0.10205999561267,0.298308233373655,0.145269208309008,0.23968963025802,NA,NA,0.17039401140254,0.0735326078715151,0.352477558587102,NA,0.260539035805741,NA,0.0508877310222128,0.173809813066004,0.194305642166662,0.108233934472064,0.274979380788544,0.0354129949636166,0.276266850337903,0.360695554277739,NA,0.280453164801818,NA,0.0347092352442609,0.311275317196583,0.164790160367615,0.0718387581308135,0.265062256192987,0.334761738820247,0.0770464097567447,0.460692063473858,0.366244030314576,0,NA,0.0864235327726594,0.304472063262935,NA,0.249767900138901,0.303328664085122,0.258564205873125,0.101657922494046,0.253925260813626,NA,0.264714620817987,0.184219943773923,0.184771452189115,0.21956334933615,0.271099991693431,0.119551011634957,0.10042938283489,0.338815448267341,0.366663302703822,0.36062149636076
NA,NA,NA,NA,NA,NA,NA,NA,NA,NA,NA,NA,NA,NA,NA,NA,NA,NA,NA,NA,NA,NA,NA,NA,NA,NA,NA,NA,NA,NA,NA,NA,NA,NA,NA,NA,NA,NA,NA,NA,NA,NA,0,NA,NA,NA,NA,NA,NA,NA,NA,NA,NA,NA,NA,NA,NA,NA,NA,NA,NA,NA
NA,NA,0.126829825058041,0.286806547324289,NA,0.111853897353782,0.180470094987564,0.385103924944945,0.0707900649997751,0.153518921185829,0.380179140091447,0.224793362030529,0.317478245306458,NA,NA,0.256017375543838,0.159946014567822,0.268903883212919,NA,0.317559961609094,NA,0.115815872606959,0.260230326267289,0.280503953461902,0.0955808937516503,0.360900721083902,0.0698640974483168,0.202444432725279,0.439449818047002,NA,0.366840169536311,NA,0.088930259386342,0.394255329002154,0.0849540667958178,0.132693216414614,0.272738966125137,0.415172999121065,0.0242197050244254,0.382079315128772,0.329510849438126,0.0864235327726594,NA,0,0.288073831242799,NA,0.284638679759598,0.374950308336833,0.343669780844218,0.186776086134441,0.172894153216436,NA,0.336492063270362,0.0992369072492123,0.128636095213665,0.304734287975105,0.204102543474434,0.202711896744896,0.177172689503997,0.25701696688657,0.28912184546619,0.287164643482945
NA,NA,0.167739905565783,0.472805201112562,NA,0.203407157968134,0.286746229743093,0.475501051855228,0.220598976738615,0.232480195909155,0.546838410231703,0.313890841760299,0.349866942635141,NA,NA,0.414080953343846,0.334325285625908,0.321722900632533,NA,0.257494562590224,NA,0.268472170413582,0.398117349115122,0.399070799625303,0.200775162655859,0.492033023802242,0.271422580298295,0.222087248192904,0.438670568396456,NA,0.482143877342901,NA,0.335919307831333,0.438225572919594,0.250012209813441,0.256341082537038,0.0834556838012822,0.432424255327257,0.268087209502192,0.346266145310547,0.0949078557262773,0.304472063262935,NA,0.288073831242799,0,NA,0.170495496826309,0.35164881305637,0.489664149194882,0.330117842303319,0.258795297294124,NA,0.329342513781217,0.276058678625979,0.179145920501707,0.39805408797813,0.189822411973638,0.323910369855396,0.391941268327456,0.296779630002263,0.278286078667823,0.249155056932697
NA,NA,NA,NA,NA,NA,NA,NA,NA,NA,NA,NA,NA,NA,NA,NA,NA,NA,NA,NA,NA,NA,NA,NA,NA,NA,NA,NA,NA,NA,NA,NA,NA,NA,NA,NA,NA,NA,NA,NA,NA,NA,NA,NA,NA,0,NA,NA,NA,NA,NA,NA,NA,NA,NA,NA,NA,NA,NA,NA,NA,NA
NA,NA,0.171997283086733,0.351928651538221,NA,0.263004372065712,0.37655542885089,0.31709341527515,0.219079697102792,0.148087370119819,0.409188496121237,0.18188394958706,0.187504663526296,NA,NA,0.288767938241884,0.239774517464279,0.439562101395976,NA,0.0870306798172952,NA,0.199416165890877,0.266451126203835,0.258846404540134,0.193790459002351,0.345112323884554,0.230667718412071,0.334125117487283,0.268189666842096,NA,0.330639103411954,NA,0.284204912008974,0.27181591941752,0.297285759467957,0.179070647611363,0.0870452928233954,0.262852478104405,0.260429661632048,0.495681868190377,0.265397934780252,0.249767900138901,NA,0.284638679759598,0.170495496826309,NA,0,0.181172083266653,0.348608303850655,0.220122222566616,0.351046441165751,NA,0.1607265841855,0.328737184530086,0.244938547605953,0.248254986461743,0.306666454906687,0.204548239829726,0.302320645797875,0.416278679314424,0.413718961897189,0.38984582573766
NA,NA,0.306145921742352,0.281988181114804,NA,0.401104735996702,0.516475243176889,0.172612908202935,0.330869059214391,0.224515947593337,0.298754731402066,0.161725312049165,0.0747574065256564,NA,NA,0.227573498254589,0.248637914530802,0.591793097080641,NA,0.0941543932939667,NA,0.260104197119784,0.20053175570638,0.177034802961672,0.311450151053001,0.224906494076961,0.30570689057374,0.489954979167227,0.0870219108357803,NA,0.202087263381082,NA,0.329059701546429,0.107228051788679,0.421545214575332,0.242262159520052,0.268193460806699,0.0853185884344696,0.354059547637982,0.664506215874758,0.44653517913834,0.303328664085122,NA,0.374950308336833,0.35164881305637,NA,0.181172083266653,0,0.240595311839178,0.215319071383482,0.494837470093033,NA,0.0386616238892189,0.451170445054419,0.389873882550536,0.14616474957453,0.46702219676687,0.192858869923396,0.294715350167306,0.570675599951192,0.576984606864604,0.556680922906435
NA,NA,0.360830935160123,0.076669102161837,NA,0.429140480479977,0.523144325387426,0.089976734469131,0.345930256718268,0.265769562948487,0.0611959392343873,0.175774485906126,0.177753220897223,NA,NA,0.0884714094525415,0.187591468733817,0.611004669340663,NA,0.286842022329505,NA,0.253948300715359,0.0939623764940187,0.0910307406291142,0.342764830223058,0.0265447770808918,0.286756874944052,0.530420973384517,0.226124713598512,NA,0.0503601224217857,NA,0.258327984242504,0.155519117994644,0.423079986266909,0.253477069477123,0.417511225291963,0.195482938570389,0.335454029665424,0.71640190601202,0.57462197720798,0.258564205873125,NA,0.343669780844218,0.489664149194882,NA,0.348608303850655,0.240595311839178,0,0.172022423591426,0.5119895405653,NA,0.222524358410947,0.442533552333082,0.431660020223798,0.103039801975815,0.520445500934121,0.169909630731289,0.173494866979647,0.596877772240268,0.622188096164469,0.613028410717666
NA,NA,0.189300402874988,0.142698650543551,NA,0.259036002885329,0.359592987789039,0.198965365898595,0.175557274694215,0.0982269409967648,0.222435175328683,0.0544940445567417,0.145090488690417,NA,NA,0.0866557478431657,0.0336448970319266,0.445832223739646,NA,0.197048610472989,NA,0.082742439686569,0.0792244035462932,0.0950042959342392,0.170847243277303,0.183378474355244,0.121113228300234,0.360246741717832,0.262894088361792,NA,0.184473842426699,NA,0.118551032077892,0.210138947740701,0.25825116568971,0.0816531058103692,0.267985662211844,0.235540200029121,0.173013286608514,0.546421451572247,0.409081556120728,0.101657922494046,NA,0.186776086134441,0.330117842303319,NA,0.220122222566616,0.215319071383482,0.172022423591426,0,0.345601402173962,NA,0.178067778001358,0.281405734730432,0.260148202604935,0.118024159888894,0.348919743994501,0.0225555902165628,0.0865441272274304,0.429966585589345,0.45235740879623,0.441903675701807
NA,NA,0.188953390625647,0.458945572936155,NA,0.0938160724252661,0.0279725696303882,0.543057863394174,0.172537733818212,0.277220041064303,0.551801205588547,0.370360456116968,0.453312373753319,NA,NA,0.423546900759138,0.324679083491494,0.100512933695359,NA,0.415837249407083,NA,0.263961125137485,0.423697621612189,0.440432193114812,0.186108907169543,0.52707351873468,0.225630323335875,0.0499340218662164,0.571970810143799,NA,0.529984379274203,NA,0.261785780993941,0.539391368089496,0.0891844728547162,0.272189999648772,0.294808553346811,0.552674099764732,0.176892494892594,0.209430811109442,0.245408553151213,0.253925260813626,NA,0.172894153216436,0.258795297294124,NA,0.351046441165751,0.494837470093033,0.5119895405653,0.345601402173962,0,NA,0.459273580418585,0.0774842798563459,0.106850189990672,0.459347239067525,0.0765894321346084,0.35644256023779,0.349755683424027,0.084906144599481,0.117795476672822,0.122302475302688
